"image_name","Type_1","Type_2","Type_3"
"400.jpg",0.254422445179999,0.156391676991118,0.589185877828883
"430.jpg",0.0870550018901226,0.59430036715041,0.318644630959468
"303.jpg",0.811748948133907,0.140248155100105,0.048002896765988
"126.jpg",0.0478559935196279,0.904288012960744,0.0478559935196279
"487.jpg",0.723079551185925,0.228206238427746,0.0487142103863285
"18.jpg",0.104606557807416,0.847235848785642,0.0481575934069421
"248.jpg",0.128800179696368,0.497391983944227,0.373807836359405
"502.jpg",0.048370223675976,0.172511492076102,0.779118284247922
"383.jpg",0.31775105709753,0.623613311878317,0.0586356310241529
"478.jpg",0.0487035448457886,0.807969359144262,0.143327096009949
"246.jpg",0.0854321364484958,0.864853712682856,0.0497141508686485
"355.jpg",0.88203843049857,0.0687671645729252,0.0491944049285048
"222.jpg",0.0492559985573659,0.717687211178846,0.233056790263788
"433.jpg",0.0497318693224293,0.519158400933476,0.431109729744094
"354.jpg",0.216937697438242,0.706212660855762,0.0768496417059961
"154.jpg",0.301293659287307,0.553009423792574,0.145696916920119
"32.jpg",0.0491217796479874,0.155761175669694,0.795117044682319
"490.jpg",0.132165955486405,0.518846161944327,0.348987882569268
"210.jpg",0.0493869226913692,0.292349479844095,0.658263597464535
"387.jpg",0.0481538624596017,0.156635735668718,0.79521040187168
"183.jpg",0.0692565323079748,0.188986280068254,0.741757187623772
"280.jpg",0.049026391989859,0.652969014626169,0.298004593383972
"74.jpg",0.0692682266234654,0.187229871749906,0.743501901626628
"484.jpg",0.0458795298089512,0.0458795298089512,0.908240940382097
"145.jpg",0.0533288191756056,0.647388751452019,0.299282429372376
"399.jpg",0.0483670784570125,0.843152874128603,0.108480047414384
"156.jpg",0.0483134461618972,0.562039149162924,0.389647404675179
"85.jpg",0.337071329355,0.487109899521,0.175818771124
"351.jpg",0.0481285417193117,0.813353334529621,0.138518123751068
"233.jpg",0.243742779462972,0.706740616727074,0.0495166038099537
"268.jpg",0.234063824282748,0.693868771803216,0.0720674039140362
"190.jpg",0.0484548746085401,0.90309025078292,0.0484548746085401
"416.jpg",0.797784313031418,0.153426561946363,0.0487891250222193
"103.jpg",0.297969728708,0.331422716379,0.370607554913
"230.jpg",0.065236578491577,0.596274629512903,0.33848879199552
"27.jpg",0.047141854034077,0.905716291931846,0.047141854034077
"112.jpg",0.0480726828058474,0.881677124823842,0.0702501923703101
"330.jpg",0.131746325843304,0.598116534892069,0.270137139264627
"128.jpg",0.329304526216655,0.623021225926231,0.047674247857114
"342.jpg",0.218684237917167,0.344233895179226,0.437081866903606
"398.jpg",0.0477412871124544,0.904517425775091,0.0477412871124544
"255.jpg",0.0524480931095657,0.765799987825738,0.181751919064696
"243.jpg",0.194849505295127,0.74402862510027,0.0611218696046027
"471.jpg",0.337537534253117,0.59375103306949,0.068711432677393
"41.jpg",0.04980514348432,0.366037056853577,0.584157799662103
"168.jpg",0.0477829536107588,0.509549467089389,0.442667579299852
"122.jpg",0.0497099270361722,0.472876444709579,0.477413628254249
"499.jpg",0.047974856180327,0.168575317614206,0.783449826205467
"444.jpg",0.207095803984874,0.743333664026059,0.0495705319890675
"111.jpg",0.336652070284,0.416090339422,0.247257590294
"42.jpg",0.0807113337411366,0.224686783183987,0.694601883074876
"79.jpg",0.846277834006846,0.105926146896467,0.047796019096687
"328.jpg",0.109577033312036,0.603135801734985,0.287287164952979
"345.jpg",0.54260631436893,0.384661211991938,0.0727324736391319
"94.jpg",0.142961661727385,0.780136681194977,0.0769016570776384
"216.jpg",0.242142751252795,0.708488299357938,0.0493689493892668
"47.jpg",0.570100282818575,0.38055398255036,0.0493457346310645
"404.jpg",0.323741619643074,0.535344787468173,0.140913592888753
"472.jpg",0.218326043809724,0.437659555112435,0.344014401077841
"17.jpg",0.673530851545686,0.27498321700894,0.051485931445374
"451.jpg",0.0497092340574375,0.712188659560044,0.238102106382518
"373.jpg",0.586775676559954,0.36399051107554,0.0492338123645069
"337.jpg",0.340285142677356,0.357776961193938,0.301937896128706
"192.jpg",0.049023831978784,0.457161027606441,0.493815140414775
"23.jpg",0.42422784774624,0.461701524939233,0.114070627314527
"71.jpg",0.0477843553784662,0.688608839391859,0.263606805229674
"147.jpg",0.0752529261577616,0.697376891284371,0.227370182557867
"408.jpg",0.048720980237327,0.4584020097097,0.492877010052973
"312.jpg",0.724151604800501,0.227257133519151,0.048591261680347
"509.jpg",0.0705459428057742,0.880274399784404,0.0491796574098213
"205.jpg",0.189036347971681,0.130172899224249,0.68079075280407
"227.jpg",0.0468175901006867,0.906364819798626,0.0468175901006867
"305.jpg",0.0484066497236993,0.676588202681971,0.27500514759433
"366.jpg",0.0567881709631524,0.163590318098296,0.779621510938552
"24.jpg",0.186474801499405,0.714053874567344,0.0994713239332509
"376.jpg",0.0489312998637124,0.716734014365597,0.23433468577069
"166.jpg",0.874238642273564,0.0771537714975568,0.0486075862288788
"371.jpg",0.859849076485427,0.0917518780986777,0.048399045415895
"356.jpg",0.772377947905643,0.179291507946081,0.0483305441482762
"221.jpg",0.0825584555434071,0.161934827623982,0.755506716832611
"448.jpg",0.0471595152695014,0.905680969460997,0.0471595152695014
"148.jpg",0.158507815948328,0.793367898518682,0.04812428553299
"223.jpg",0.0496527142629311,0.0699400839114984,0.880407201825571
"314.jpg",0.37989324331262,0.502793014049497,0.117313742637883
"297.jpg",0.049598586691737,0.771304411047327,0.179097002260936
"22.jpg",0.0481250986093679,0.890167813818928,0.0617070875717045
"465.jpg",0.0486428633201014,0.902714273359797,0.0486428633201014
"479.jpg",0.0483175007069216,0.254558383729238,0.697124115563841
"14.jpg",0.0486574089372489,0.655011764894988,0.296330826167763
"482.jpg",0.829804436691655,0.121652102427356,0.0485434608809883
"362.jpg",0.0483378908815518,0.787250886811972,0.164411222306476
"333.jpg",0.0475926070368767,0.0475926070368767,0.904814785926246
"397.jpg",0.681697933999898,0.26855613494961,0.0497459310504921
"127.jpg",0.0568755828729434,0.320217809691493,0.622906607435563
"417.jpg",0.470143086763602,0.418464279449536,0.111392633786862
"343.jpg",0.0476814001295271,0.108341570243742,0.843977029626731
"467.jpg",0.187177915145448,0.64109488480718,0.171727200047372
"90.jpg",0.175466805696,0.270274668932,0.554258525372
"442.jpg",0.491491569245665,0.459449962257618,0.0490584684967172
"492.jpg",0.690070122930853,0.260417249525553,0.049512627543594
"291.jpg",0.273319015800039,0.678149207883956,0.0485317763160058
"11.jpg",0.0498035275096552,0.17089377903708,0.779302693453265
"209.jpg",0.04794957426237,0.0824016486175439,0.869648777120086
"257.jpg",0.0470892430175721,0.905821513964856,0.0470892430175721
"67.jpg",0.0497027617881263,0.194855914224466,0.755441323987408
"510.jpg",0.288756666416503,0.614934857078182,0.0963084765053152
"403.jpg",0.333530752929581,0.618347099010301,0.0481221480601176
"281.jpg",0.0698305714937877,0.412415250673212,0.517754177833
"38.jpg",0.0481666517477338,0.778189894922681,0.173643453329585
"201.jpg",0.049529811467089,0.452106207081192,0.498363981451719
"207.jpg",0.0488947392788368,0.437847904235709,0.513257356485454
"56.jpg",0.0477539024685673,0.888013727261341,0.0642323702700917
"346.jpg",0.351844712264169,0.0930809784048173,0.555074309331014
"454.jpg",0.115688307349129,0.742759812731136,0.141551879919735
"425.jpg",0.0476329085835924,0.0476329085835924,0.904734182832815
"5.jpg",0.238514211199995,0.686261762883288,0.0752240259167169
"506.jpg",0.0554852011704284,0.71370638746228,0.230808411367291
"380.jpg",0.0488114951095193,0.195352772574911,0.75583573231557
"55.jpg",0.0481605963462137,0.152473818979834,0.799365584673953
"114.jpg",0.0489317408407486,0.497305746931475,0.453762512227776
"39.jpg",0.0496716631940502,0.42714173004412,0.52318660676183
"231.jpg",0.745699718633032,0.204818466855823,0.0494818145111448
"256.jpg",0.0477550673702156,0.139638123778028,0.812606808851757
"88.jpg",0.190459924794043,0.609439978144265,0.200100097061692
"65.jpg",0.35010542180908,0.594117014570196,0.0557775636207237
"452.jpg",0.0481403015688791,0.157487690636919,0.794372007794202
"163.jpg",0.0497526609605924,0.450529469796656,0.499717869242752
"386.jpg",0.0476298767715546,0.0476298767715546,0.904740246456891
"172.jpg",0.0892372146014718,0.691991103977329,0.218771681421199
"273.jpg",0.0499667395023418,0.435733724410207,0.514299536087451
"177.jpg",0.176296783089315,0.775955648364621,0.0477475685460643
"137.jpg",0.049567684183933,0.665429955523797,0.28500236029227
"61.jpg",0.0642963528521855,0.885735294455816,0.0499683526919987
"228.jpg",0.0491542619601132,0.792052210043143,0.158793527996744
"81.jpg",0.480525619657397,0.469575562077295,0.049898818265308
"40.jpg",0.0497047916461366,0.270689870873126,0.679605337480738
"401.jpg",0.0481452728013086,0.822343845908473,0.129510881290219
"62.jpg",0.0479641012092967,0.143718346302305,0.808317552488398
"25.jpg",0.567669668805856,0.384205908309736,0.0481244228844086
"270.jpg",0.0483732284358301,0.0526775570738861,0.898949214490284
"179.jpg",0.0893965918168965,0.862001501225512,0.048601906957592
"476.jpg",0.280242494337213,0.341241140924331,0.378516364738455
"367.jpg",0.393625181183008,0.557551894765466,0.0488229240515264
"453.jpg",0.877108753665674,0.0738547388263699,0.0490365075079564
"511.jpg",0.0482159403484769,0.26045264991511,0.691331409736413
"278.jpg",0.0493586726675423,0.72867731910585,0.221964008226607
"3.jpg",0.0457583242312604,0.908483351537479,0.0457583242312604
"412.jpg",0.097930864958907,0.28722534011606,0.614843794925033
"327.jpg",0.0611978541225454,0.169900624678155,0.768901521199299
"505.jpg",0.283112796270275,0.623068218105045,0.0938189856246796
"335.jpg",0.0477940325407733,0.159262952521478,0.792943014937748
"141.jpg",0.0663313985020676,0.225167234607282,0.708501366890651
"493.jpg",0.191210084760664,0.310780866925837,0.498009048313498
"58.jpg",0.0491873323559855,0.485252776858391,0.465559890785623
"317.jpg",0.585490229641173,0.296330006031365,0.118179764327463
"0.jpg",0.0554284856979645,0.627592914243398,0.316978600058637
"272.jpg",0.0499462384503562,0.684841072085242,0.265212689464401
"31.jpg",0.670881108877958,0.280334495265464,0.0487843958565785
"319.jpg",0.0455715081939255,0.908856983612149,0.0455715081939255
"485.jpg",0.128614217043,0.581943631172,0.289442151785
"370.jpg",0.187245768498851,0.286690975924018,0.526063255577131
"6.jpg",0.177261122418314,0.722080263417622,0.100658614164064
"394.jpg",0.39492754325071,0.539918081161747,0.0651543755875437
"271.jpg",0.352153171535131,0.254845224176103,0.393001604288766
"423.jpg",0.0496379062397689,0.124591463722368,0.825770630037863
"113.jpg",0.192001634479049,0.555751706171769,0.252246659349182
"232.jpg",0.906200533956207,0.0468997330218964,0.0468997330218964
"86.jpg",0.0486300660386249,0.0629357185645311,0.888434215396844
"375.jpg",0.124409830241771,0.78630250794406,0.0892876618141692
"495.jpg",0.0975826517108307,0.711833168390045,0.190584179899124
"2.jpg",0.568267328545834,0.382323994729624,0.0494086767245423
"293.jpg",0.893494286120046,0.0582524958831731,0.0482532179967813
"494.jpg",0.0477788426867682,0.299018201707647,0.653202955605585
"298.jpg",0.0488077161140161,0.0845670360905949,0.866625247795389
"91.jpg",0.782999478436802,0.169156272758393,0.0478442488048044
"106.jpg",0.139475437097323,0.650797794025538,0.209726768877139
"244.jpg",0.191749787084527,0.482387735915119,0.325862477000354
"212.jpg",0.0958344662871205,0.78998203925904,0.11418349445384
"419.jpg",0.307046463875401,0.261687062332202,0.431266473792397
"108.jpg",0.0485380721666918,0.619230435345436,0.332231492487873
"53.jpg",0.307596286905015,0.313404491143919,0.378999221951065
"460.jpg",0.321819593852132,0.525431021290105,0.152749384857763
"504.jpg",0.049807620135885,0.451044454158044,0.499147925706071
"76.jpg",0.0478814403561134,0.680672787991811,0.271445771652076
"315.jpg",0.265644528438004,0.607237237907491,0.127118233654505
"153.jpg",0.0477888143631852,0.0985044187888922,0.853706766847923
"194.jpg",0.0488562470860822,0.709418985180702,0.241724767733215
"200.jpg",0.127670490994618,0.730601337674198,0.141728171331184
"445.jpg",0.0574582604495898,0.28283262884979,0.65970911070062
"332.jpg",0.119681808364529,0.0988805257201334,0.781437665915337
"338.jpg",0.0792198604578135,0.787501788512108,0.133278351030079
"100.jpg",0.319174579987236,0.631457995226955,0.0493674247858086
"96.jpg",0.456330395584236,0.400403684383816,0.143265920031949
"287.jpg",0.0479355676549891,0.128414323780533,0.823650108564478
"260.jpg",0.420051169993365,0.404628467697738,0.175320362308897
"318.jpg",0.0498038394599623,0.83897487568916,0.111221284850878
"302.jpg",0.181472972035181,0.604586243629605,0.213940784335214
"277.jpg",0.550134325778655,0.31146030030221,0.138405373919135
"133.jpg",0.0493192569161107,0.218540523548173,0.732140219535716
"361.jpg",0.299549123658537,0.402911710652022,0.29753916568944
"92.jpg",0.047775845328804,0.373967142920901,0.578257011750295
"89.jpg",0.344269931316,0.255069315434,0.40066075325
"392.jpg",0.442976100533574,0.339550237046276,0.21747366242015
"382.jpg",0.907285965967187,0.0463570170164066,0.0463570170164066
"110.jpg",0.0760096632244552,0.85349437157801,0.0704959651975348
"481.jpg",0.0482059562029422,0.0550721104856139,0.896721933311444
"352.jpg",0.0501976255401071,0.624378406419906,0.325423968039987
"120.jpg",0.211634380318467,0.42489540129289,0.363470218388642
"296.jpg",0.0656891654914429,0.885285052461671,0.0490257820468857
"119.jpg",0.047804678508035,0.0588534385248193,0.893341882967146
"28.jpg",0.317304800909047,0.519710629003648,0.162984570087305
"498.jpg",0.144606999066511,0.287206990445301,0.568186010488187
"288.jpg",0.136445669286687,0.221664946948749,0.641889383764564
"198.jpg",0.0879613553276594,0.258386081272291,0.65365256340005
"60.jpg",0.0614532250599597,0.572635906118982,0.365910868821059
"304.jpg",0.862226681151234,0.0890785188200615,0.0486948000287043
"182.jpg",0.0483143616448402,0.524242404450736,0.427443233904424
"229.jpg",0.235295260187414,0.716965671615419,0.0477390681971676
"125.jpg",0.0482209847332479,0.502897035890396,0.448881979376356
"202.jpg",0.637360572815,0.21939972043,0.143239706755
"390.jpg",0.046878901751429,0.906242196497142,0.046878901751429
"306.jpg",0.100865480278007,0.614659291068924,0.284475228653069
"396.jpg",0.0496698323521319,0.667135626111038,0.28319454153683
"263.jpg",0.0496497993369023,0.870762992072482,0.0795872085906159
"16.jpg",0.129701277451166,0.51907100613755,0.351227716411284
"347.jpg",0.308901142513757,0.642671132794439,0.0484277246918041
"427.jpg",0.0548793876589166,0.703180644542904,0.24193996779818
"289.jpg",0.907273421817497,0.0463632890912513,0.0463632890912513
"109.jpg",0.0498396099150111,0.119174658961749,0.83098573112324
"415.jpg",0.907238764291363,0.0463806178543186,0.0463806178543186
"143.jpg",0.0485867192384838,0.208056472673484,0.743356808088032
"359.jpg",0.0970449762317245,0.114839092503004,0.788115931265271
"282.jpg",0.0480388086041256,0.777987837842647,0.173973353553227
"350.jpg",0.0524453109039255,0.737652716273022,0.209901972823052
"391.jpg",0.236251909080626,0.241329286118289,0.522418804801085
"372.jpg",0.0962559552116512,0.213748001642818,0.689996043145531
"473.jpg",0.13322982192,0.311885148287,0.554885029793
"4.jpg",0.0495446838096091,0.696462243864089,0.253993072326302
"75.jpg",0.504623862162184,0.446176715071545,0.0491994227662708
"290.jpg",0.048324449558708,0.419821149934349,0.531854400506943
"247.jpg",0.0497228578366028,0.278841615831262,0.671435526332135
"203.jpg",0.210705310106,0.501421451569,0.287873238325
"134.jpg",0.0462192811718879,0.907561437656224,0.0462192811718879
"51.jpg",0.453607840329019,0.480304938543488,0.0660872211274924
"336.jpg",0.906313803250692,0.0468430983746542,0.0468430983746542
"500.jpg",0.16329323637169,0.76435569061477,0.0723510730135404
"69.jpg",0.354714235944742,0.336495359926806,0.308790404128452
"368.jpg",0.35016554594,0.259270310402,0.390564143658
"395.jpg",0.676714728425591,0.22826758367237,0.0950176879020396
"142.jpg",0.863391167137599,0.0887551883648418,0.0478536444975588
"178.jpg",0.0704733632857109,0.29243191275261,0.637094723961679
"323.jpg",0.0481628471545,0.691812369149353,0.260024783696147
"73.jpg",0.660271207681937,0.14803978359597,0.191689008722092
"180.jpg",0.0478713470103919,0.861356658248169,0.0907719947414387
"461.jpg",0.0689043728997104,0.433495403069922,0.497600224030367
"52.jpg",0.0498139866300868,0.32617512463646,0.624010888733453
"320.jpg",0.332191099655251,0.502716928882443,0.165091971462307
"10.jpg",0.336063820138768,0.616062606607721,0.0478735732535113
"353.jpg",0.0488843292721746,0.414734065213143,0.536381605514683
"93.jpg",0.0487351728968971,0.882564985720404,0.0686998413826987
"151.jpg",0.0477055887707079,0.108398785073517,0.843895626155776
"219.jpg",0.0468514860691014,0.0468514860691014,0.906297027861797
"124.jpg",0.0480500395381711,0.392325684079049,0.55962427638278
"220.jpg",0.0528589664700217,0.899319490922245,0.0478215426077335
"160.jpg",0.344906747341,0.491235673428,0.163857579231
"102.jpg",0.143457006112694,0.666096309837998,0.190446684049308
"206.jpg",0.205793902278,0.64177697897,0.152429118752
"155.jpg",0.0487737236689758,0.359620224657921,0.591606051673103
"258.jpg",0.0495771991388849,0.386341713926444,0.564081086934671
"98.jpg",0.131398960376494,0.82095905479836,0.0476419848251455
"43.jpg",0.0813625622510984,0.870436628378771,0.0482008093701301
"491.jpg",0.0492464113339863,0.717629121770847,0.233124466895167
"129.jpg",0.188508903637942,0.509763196401963,0.301727899960095
"436.jpg",0.165816088568532,0.583352829018255,0.250831082413213
"50.jpg",0.182143909004874,0.575759759906604,0.242096331088523
"393.jpg",0.0489668018172261,0.232945768679459,0.718087429503315
"409.jpg",0.0476613690175858,0.117710255041048,0.834628375941367
"274.jpg",0.0468096820896733,0.906380635820653,0.0468096820896733
"439.jpg",0.0520547056544771,0.898782064124214,0.0491632302213086
"54.jpg",0.0876735260632778,0.519553757330077,0.392772716606646
"489.jpg",0.596975028515,0.256646215916,0.146378755569
"21.jpg",0.144759291664173,0.806740586584071,0.0485001217517564
"44.jpg",0.180739494871199,0.576928683771814,0.242331821356986
"162.jpg",0.125268850483262,0.494031444014125,0.380699705502613
"381.jpg",0.0487983171361782,0.25267927292748,0.698522409936342
"135.jpg",0.0488609475032561,0.871213988970408,0.0799250635263359
"432.jpg",0.0484191306858756,0.493498038336385,0.458082830977739
"339.jpg",0.115098353770839,0.232181452745528,0.652720193483633
"407.jpg",0.0624874306411216,0.88907712367346,0.0484354456854179
"254.jpg",0.0492122957313126,0.356607087008423,0.594180617260264
"466.jpg",0.233406968909029,0.693673291991218,0.0729197390997532
"1.jpg",0.259695396405144,0.371236048414525,0.369068555180331
"443.jpg",0.277939409018,0.384543299675,0.337517291307
"300.jpg",0.780774643667897,0.170537584866316,0.0486877714657871
"348.jpg",0.0492096874016791,0.479594806015908,0.471195506582413
"185.jpg",0.440744433358869,0.413373058237312,0.145882508403819
"95.jpg",0.0582379049896308,0.479093748297631,0.462668346712738
"459.jpg",0.399644686180076,0.552720166153605,0.0476351476663187
"307.jpg",0.0477086132710253,0.0758094237735493,0.876481962955425
"12.jpg",0.0483611408883419,0.0978903351587056,0.853748523952953
"238.jpg",0.047713896722585,0.230195784061389,0.722090319216026
"59.jpg",0.583622446900267,0.325600291407132,0.0907772616926008
"138.jpg",0.101130831274901,0.202984264582337,0.695884904142762
"240.jpg",0.497413374291281,0.100505255200245,0.402081370508475
"64.jpg",0.173679351277803,0.777306221449772,0.0490144272724249
"123.jpg",0.233923528035171,0.716229957558909,0.0498465144059201
"140.jpg",0.282877351598845,0.470339708472468,0.246782939928687
"104.jpg",0.0486748091878854,0.777502307171531,0.173822883640584
"340.jpg",0.0759426791081009,0.637090494675906,0.286966826215993
"402.jpg",0.843866196556553,0.106649389257496,0.0494844141859516
"84.jpg",0.712545055850539,0.236786803817524,0.0506681403319376
"474.jpg",0.269567728043,0.488751173019,0.241681098938
"431.jpg",0.812687321640086,0.139679549204364,0.0476331291555505
"196.jpg",0.686087503303991,0.26541260558158,0.0484998911144295
"379.jpg",0.0491054985315519,0.171893871929887,0.779000629538561
"152.jpg",0.0477965395907432,0.900028334689959,0.0521751257192976
"199.jpg",0.0476664601979955,0.881805716254162,0.0705278235478419
"365.jpg",0.0704865615142273,0.604276070062378,0.325237368423395
"181.jpg",0.0802815488000975,0.301343443255009,0.618375007944894
"497.jpg",0.0749128311872599,0.760882735252609,0.164204433560131
"424.jpg",0.484080031040037,0.266739793620646,0.249180175339317
"469.jpg",0.28083812771995,0.48031538009134,0.23884649218871
"501.jpg",0.589269929651602,0.361101052024113,0.0496290183242854
"441.jpg",0.0497550150886577,0.82689866505473,0.123346319856612
"171.jpg",0.0494005769007081,0.181093979225484,0.769505443873808
"118.jpg",0.0482455183942851,0.0919154438024535,0.859839037803261
"82.jpg",0.320109204059505,0.619040757594401,0.0608500383460943
"214.jpg",0.875541057972956,0.0760308168408343,0.0484281251862092
"116.jpg",0.0637550829540136,0.250493686668095,0.685751230377892
"326.jpg",0.0481336624271261,0.276495855732454,0.67537048184042
"437.jpg",0.453463657303577,0.257484264894804,0.289052077801619
"279.jpg",0.188193356638727,0.512772456192157,0.299034187169116
"213.jpg",0.0496925575825035,0.278847098694691,0.671460343722806
"378.jpg",0.186707003513846,0.707935208768175,0.105357787717979
"87.jpg",0.0682897608452497,0.262350753686181,0.66935948546857
"450.jpg",0.0486643006361155,0.656275518552541,0.295060180811343
"239.jpg",0.0484400137299125,0.85745573768084,0.0941042485892479
"251.jpg",0.0596819843046582,0.891922230581342,0.0483957851139994
"468.jpg",0.36334676633346,0.221224880850944,0.415428352815596
"265.jpg",0.0478019463869168,0.122587363727483,0.8296106898856
"483.jpg",0.578619962737058,0.373720686609651,0.0476593506532911
"191.jpg",0.0668494770909979,0.411568638596361,0.521581884312641
"8.jpg",0.156088853046129,0.795879617146958,0.0480315298069133
"262.jpg",0.281436322792195,0.66930552531324,0.0492581518945651
"475.jpg",0.754926633781783,0.19566818652829,0.049405179689927
"292.jpg",0.0862510885111368,0.660247574728056,0.253501336760807
"189.jpg",0.0476964633310409,0.143445444326556,0.808858092342404
"267.jpg",0.139315605277292,0.812207832207584,0.0484765625151241
"204.jpg",0.17063087225,0.259869337082,0.569499790668
"286.jpg",0.0748137360313575,0.783942930813528,0.141243333155114
"235.jpg",0.748296150074428,0.203252380481029,0.0484514694445427
"349.jpg",0.0478960692715669,0.427710874054106,0.524393056674327
"218.jpg",0.0492404347629546,0.855457144371056,0.0953024208659897
"139.jpg",0.265157750226678,0.685625855504458,0.0492163942688634
"245.jpg",0.135949169652215,0.816321631609595,0.0477291987381905
"420.jpg",0.0480980623410059,0.062953050958232,0.888948886700762
"261.jpg",0.48043249605767,0.322761824048729,0.1968056798936
"294.jpg",0.194227096524822,0.627860179128256,0.177912724346923
"259.jpg",0.120263861421932,0.631371209492431,0.248364929085637
"456.jpg",0.721751222378863,0.23025927518746,0.0479895024336771
"72.jpg",0.0468773325552593,0.906245334889482,0.0468773325552593
"20.jpg",0.886984918175805,0.0649762137291167,0.0480388680950785
"253.jpg",0.0850332149487835,0.694031114175497,0.22093567087572
"457.jpg",0.904915880343193,0.0475420598284035,0.0475420598284035
"115.jpg",0.144919787195871,0.7696749797367,0.0854052330674297
"364.jpg",0.0572412258848788,0.433315948893102,0.509442825222019
"463.jpg",0.0473617991066281,0.0473617991066281,0.905276401786744
"269.jpg",0.891361367153674,0.0610170701433811,0.047621562702945
"363.jpg",0.190306735183239,0.44229849513931,0.36739476967745
"418.jpg",0.469681826500809,0.481549307142642,0.0487688663565481
"195.jpg",0.613538911736841,0.322733576257044,0.0637275120061155
"66.jpg",0.0484168425865888,0.145125185824198,0.806457971589213
"440.jpg",0.164123008496552,0.305497247308163,0.530379744195285
"117.jpg",0.775932971226321,0.176437040310626,0.0476299884630526
"97.jpg",0.437435362491665,0.278465015980093,0.284099621528242
"486.jpg",0.0498977616146908,0.554315743022223,0.395786495363087
"301.jpg",0.0931263065292871,0.687480524647771,0.219393168822942
"70.jpg",0.304290766949763,0.588963321015857,0.106745912034379
"9.jpg",0.0870209783315478,0.793248832225524,0.119730189442928
"357.jpg",0.200828829444651,0.576271440518062,0.222899730037287
"242.jpg",0.0990661248425447,0.550331302737267,0.350602572420189
"275.jpg",0.0488890685735465,0.448888158234841,0.502222773191613
"488.jpg",0.191449642181191,0.524977982044525,0.283572375774284
"107.jpg",0.0490029621802647,0.767628047601323,0.183368990218413
"374.jpg",0.0478501914757523,0.780264262506816,0.171885546017432
"496.jpg",0.377256836540598,0.279105906565978,0.343637256893424
"49.jpg",0.167926525000739,0.187858168014714,0.644215306984547
"83.jpg",0.117423653602883,0.228027582168772,0.654548764228345
"295.jpg",0.128271592732497,0.519335977444855,0.352392429822648
"7.jpg",0.0494434936338675,0.380440313795759,0.570116192570374
"449.jpg",0.486015130866127,0.465711428221653,0.0482734409122194
"384.jpg",0.0478695259410879,0.293336210090254,0.658794263968658
"344.jpg",0.908672090898664,0.0456639545506681,0.0456639545506681
"322.jpg",0.0492993343344513,0.238262375430903,0.712438290234646
"377.jpg",0.174609338480708,0.29112441215309,0.534266249366203
"276.jpg",0.189933294357608,0.187617326151628,0.622449379490764
"249.jpg",0.267255365848733,0.289480388164711,0.443264245986557
"101.jpg",0.255360074501241,0.610036093295296,0.134603832203463
"414.jpg",0.0480865951471463,0.0600761605820787,0.891837244270775
"311.jpg",0.0483066200904495,0.0620816871733839,0.889611692736167
"167.jpg",0.206625178456207,0.173709079623174,0.61966574192062
"193.jpg",0.322390377521678,0.34958505630465,0.328024566173672
"464.jpg",0.0464647589461219,0.907070482107756,0.0464647589461219
"316.jpg",0.79933253574605,0.152387908268455,0.0482795559854942
"455.jpg",0.222984105348777,0.465575695037534,0.311440199613689
"158.jpg",0.0469787100054666,0.0469787100054666,0.906042579989067
"99.jpg",0.114124990149655,0.198007552340646,0.6878674575097
"224.jpg",0.0479578478098502,0.298370438066902,0.653671714123247
"410.jpg",0.0486649231445629,0.808767542069231,0.142567534786206
"150.jpg",0.110577210783989,0.816602408885918,0.0728203803300927
"15.jpg",0.0486136161644998,0.265279844907818,0.686106538927682
"429.jpg",0.0872092593547286,0.0810178419643496,0.831772898680922
"470.jpg",0.241258389987224,0.519754544489245,0.238987065523532
"331.jpg",0.667318155358292,0.177457568385705,0.155224276256003
"458.jpg",0.235777947839327,0.617151329177172,0.147070722983501
"130.jpg",0.907821240407143,0.0460893797964286,0.0460893797964286
"413.jpg",0.0477798489200378,0.103230641433925,0.848989509646037
"411.jpg",0.0807727947197898,0.870553841410847,0.0486733638693633
"146.jpg",0.0466331151972125,0.906733769605575,0.0466331151972125
"159.jpg",0.125029155475843,0.825408039438917,0.0495628050852405
"157.jpg",0.195938581047238,0.6510781936828,0.152983225269962
"144.jpg",0.047632151270587,0.904735697458826,0.047632151270587
"173.jpg",0.0475591297482516,0.0475591297482516,0.904881740503497
"45.jpg",0.0495208204312945,0.551742147601945,0.398737031966761
"26.jpg",0.611022660300238,0.288698439131607,0.100278900568156
"405.jpg",0.0761722896289176,0.875027158719334,0.0488005516517483
"321.jpg",0.188306677167146,0.276643697569544,0.535049625263309
"36.jpg",0.426890014968054,0.524853462933577,0.0482565220983692
"63.jpg",0.0773947714789106,0.800387114301061,0.122218114220028
"215.jpg",0.0466073015947279,0.906785396810544,0.0466073015947279
"105.jpg",0.147295417595996,0.236669707844852,0.616034874559152
"174.jpg",0.07700391686707,0.588673161223448,0.334322921909481
"360.jpg",0.0626732899049671,0.887670222634542,0.0496564874604909
"264.jpg",0.803026723591031,0.0999388903433936,0.0970343860655758
"170.jpg",0.0467233540061798,0.90655329198764,0.0467233540061798
"187.jpg",0.112451030128367,0.368192965266557,0.519356004605076
"388.jpg",0.0483552765525593,0.285460663723538,0.666184059723903
"186.jpg",0.101053067978732,0.743182197619625,0.155764734401643
"334.jpg",0.0468177521030704,0.0468177521030704,0.906364495793859
"46.jpg",0.136439127676921,0.355889344872893,0.507671527450187
"131.jpg",0.130311198849199,0.218136204370008,0.651552596780793
"164.jpg",0.0488354404483562,0.864271086723317,0.0868934728283268
"508.jpg",0.204085597578443,0.687437624668212,0.108476777753346
"435.jpg",0.0487312353239064,0.0543760148732177,0.896892749802876
"29.jpg",0.0477566612162791,0.148554821964522,0.803688516819199
"211.jpg",0.659424746093316,0.291457731050084,0.0491175228565997
"447.jpg",0.820544064045,0.0962180048227,0.0832379311323
"161.jpg",0.0498810392518946,0.559202985880746,0.390915974867359
"175.jpg",0.0486911874578042,0.367911848498837,0.583396964043359
"310.jpg",0.0664347971599397,0.862750008409877,0.0708151944301831
"438.jpg",0.0995425673142366,0.850975151530275,0.0494822811554882
"184.jpg",0.0647246121491973,0.157927192356851,0.777348195493952
"197.jpg",0.193621385477391,0.220511661737623,0.585866952784986
"234.jpg",0.0480903899425247,0.181811193769431,0.770098416288044
"434.jpg",0.0891180264437214,0.861007921752111,0.0498740518041677
"266.jpg",0.0709375967900206,0.308328779849204,0.620733623360776
"329.jpg",0.0495389856876751,0.409084735956839,0.541376278355486
"208.jpg",0.268192857504,0.369206249714,0.362600892782
"299.jpg",0.0769883454234647,0.87391490318923,0.0490967513873053
"33.jpg",0.293038129807,0.504488587379,0.202473282814
"217.jpg",0.252192359515755,0.62768092577222,0.120126714712025
"480.jpg",0.0692870239221147,0.756311291781422,0.174401684296463
"308.jpg",0.881567962609355,0.0705614235369458,0.0478706138536996
"406.jpg",0.902333797246653,0.0498226690505111,0.0478435337028358
"358.jpg",0.0812499088234399,0.756963383509906,0.161786707666654
"188.jpg",0.341468930244341,0.314663290977315,0.343867778778344
"35.jpg",0.0739748086016597,0.491764880103385,0.434260311294955
"80.jpg",0.0706415671615756,0.124368052021892,0.804990380816532
"37.jpg",0.140246406982128,0.81121473867006,0.0485388543478119
"236.jpg",0.131422629866986,0.715768726875009,0.152808643258005
"165.jpg",0.544862512903891,0.407193553793645,0.0479439333024648
"462.jpg",0.631777515302435,0.318844594254122,0.0493778904434429
"422.jpg",0.0480731687073137,0.164978188438138,0.786948642854548
"283.jpg",0.0487027326064247,0.147428504731016,0.803868762662559
"169.jpg",0.553796005558514,0.396971135624992,0.0492328588164938
"285.jpg",0.481165553160682,0.470012819928012,0.0488216269113055
"121.jpg",0.0479379966384584,0.904124006723083,0.0479379966384584
"237.jpg",0.146718583108908,0.472293934477428,0.380987482413664
"313.jpg",0.0479380837544408,0.521327106573186,0.430734809672373
"68.jpg",0.049850629282977,0.853518607822676,0.0966307628943475
"78.jpg",0.0478311644411746,0.228569411069312,0.723599424489514
"421.jpg",0.0490021978883766,0.608074368214846,0.342923433896777
"225.jpg",0.0486142331508767,0.63550673430985,0.315879032539273
"226.jpg",0.0479874894675803,0.393418552357772,0.558593958174648
"428.jpg",0.205526435875638,0.745226430733946,0.0492471333904163
"149.jpg",0.122016906738,0.194815576077,0.683167517185
"385.jpg",0.0478596461616641,0.630954715105213,0.321185638733123
"136.jpg",0.0889617273567114,0.862651544681632,0.0483867279616561
"252.jpg",0.0632687681641324,0.839134545592027,0.0975966862438401
"389.jpg",0.0773203215301143,0.87339283047201,0.0492868479978762
"426.jpg",0.611636927550386,0.124584807089437,0.263778265360176
"13.jpg",0.0933808225424697,0.162123854899248,0.744495322558283
"241.jpg",0.149894158545749,0.75949124218511,0.0906145992691403
"477.jpg",0.720529235373839,0.231281768904815,0.0481889957213459
"309.jpg",0.0484847061259467,0.665592782447481,0.285922511426572
"341.jpg",0.0683083901681025,0.403968897432432,0.527722712399466
"34.jpg",0.0499586141224448,0.790239394654044,0.159801991223511
"446.jpg",0.626739313822348,0.32515272882656,0.0481079573510923
"369.jpg",0.0478594970061889,0.115996988955763,0.836143514038048
"30.jpg",0.17987081944551,0.415430737001667,0.404698443552823
"19.jpg",0.0491029561208633,0.106880864914027,0.84401617896511
"132.jpg",0.0579916817548261,0.599167388702553,0.34284092954262
"284.jpg",0.0493109628214729,0.109954264619384,0.840734772559143
"176.jpg",0.0478001711096987,0.320367369316494,0.631832459573807
"325.jpg",0.257948454351052,0.209351253370248,0.5327002922787
"503.jpg",0.0484459934154748,0.612344506230586,0.339209500353939
"250.jpg",0.0495734050228737,0.616064000560353,0.334362594416773
"57.jpg",0.133084902178706,0.529681360884654,0.33723373693664
"77.jpg",0.263675503024943,0.224373661745216,0.511950835229841
"507.jpg",0.051140397787146,0.727349042892655,0.221510559320199
"48.jpg",0.0477656125191285,0.317010711402422,0.635223676078449
"324.jpg",0.068420029070524,0.88327332232572,0.0483066486037565
