"image_name","Type_1","Type_2","Type_3"
"505.jpg",0.290782519240872,0.689266934122976,0.0199505466361515
"472.jpg",0.584193340179351,0.168959793911161,0.246846865909488
"262.jpg",0.227656596074378,0.59309880158047,0.179244602345152
"290.jpg",0.0197760324847352,0.300746887410791,0.679477080104474
"506.jpg",0.315358554055442,0.61692000354728,0.0677214423972782
"24.jpg",0.464306638708269,0.357613016438059,0.178080344853671
"162.jpg",0.0702523419186186,0.71125582721094,0.218491830870441
"65.jpg",0.824748682607337,0.144990352615484,0.0302609647771783
"451.jpg",0.0199701845899943,0.292106701009017,0.687923114400988
"100.jpg",0.300536245800841,0.653264340069515,0.0461994141296449
"486.jpg",0.0322032715052358,0.467293732355809,0.500502996138955
"118.jpg",0.019928538371672,0.111856613070251,0.868214848558077
"257.jpg",0.0213405722922549,0.94923378930916,0.0294256383985851
"328.jpg",0.0488477853585894,0.574397945099736,0.376754269541674
"443.jpg",0.210569108005281,0.450305094583439,0.33912579741128
"189.jpg",0.0198958312773632,0.239565354152579,0.740538814570058
"313.jpg",0.019794222352657,0.489756166990257,0.490449610657086
"447.jpg",0.0522263881316486,0.822051185862242,0.12572242600611
"39.jpg",0.405760746936872,0.384930325228075,0.209308927835054
"81.jpg",0.111368613114504,0.335926209925636,0.55270517695986
"382.jpg",0.934225048803577,0.0460756083779761,0.019699342818447
"384.jpg",0.0197600695684631,0.165627681738138,0.814612248693399
"373.jpg",0.73702640439643,0.179114016578978,0.0838595790245916
"333.jpg",0.0518925283809627,0.149488290752917,0.79861918086612
"186.jpg",0.05600904196487,0.747046158704443,0.196944799330686
"432.jpg",0.0849791356166393,0.310986830785106,0.604034033598254
"462.jpg",0.419381834809252,0.434801319372847,0.145816845817901
"176.jpg",0.104788437909411,0.194558890528854,0.700652671561735
"430.jpg",0.106311675717699,0.560569627267904,0.333118697014397
"236.jpg",0.082268095280756,0.815382170448316,0.102349734270928
"276.jpg",0.163384348154,0.21560588479,0.621009767056
"212.jpg",0.0548932481921986,0.781178837874407,0.163927913933394
"103.jpg",0.0879539209587298,0.439051316642891,0.472994762398379
"164.jpg",0.0790309149171761,0.747563708609703,0.173405376473121
"57.jpg",0.384439381841458,0.510971848003251,0.104588770155291
"348.jpg",0.0265534014762215,0.378591414740368,0.594855183783411
"340.jpg",0.611908784330886,0.308922256396719,0.0791689592723954
"350.jpg",0.143717919103081,0.37088752898219,0.485394551914728
"228.jpg",0.150978982449,0.380953788757,0.468067228794
"88.jpg",0.392582664280244,0.502032134576016,0.10538520114374
"360.jpg",0.125551506816666,0.854504115573382,0.0199443776099519
"412.jpg",0.176575630903,0.610869765282,0.212554603815
"241.jpg",0.156650951379671,0.785250156568688,0.0580988920516406
"177.jpg",0.0533286810666359,0.926776668915318,0.019894650018046
"267.jpg",0.376155879895802,0.563957611900653,0.0598865082035449
"107.jpg",0.0197554357875118,0.771543044646454,0.208701519566034
"465.jpg",0.043705428552458,0.936636977261365,0.0196575941861774
"249.jpg",0.177964489338573,0.669022480787085,0.153013029874342
"331.jpg",0.62724261307654,0.317183041624927,0.0555743452985333
"27.jpg",0.0197052179628659,0.477342218004337,0.502952564032797
"431.jpg",0.941345081209484,0.0389001570062091,0.0197547617843064
"5.jpg",0.608891249884671,0.371347546201719,0.0197612039136103
"205.jpg",0.0521789275754833,0.225112589535889,0.722708482888628
"469.jpg",0.124254176426341,0.648729176131211,0.227016647442448
"42.jpg",0.0280310167606289,0.871088893247184,0.100880089992187
"64.jpg",0.507794655510802,0.426782827372314,0.0654225171168845
"26.jpg",0.536112917118282,0.443895921704272,0.0199911611774463
"409.jpg",0.0199297397871706,0.132783671288972,0.847286588923857
"311.jpg",0.0430252782349493,0.092496492872252,0.864478228892799
"399.jpg",0.116658250243026,0.420373003764066,0.462968745992908
"427.jpg",0.0198180016688764,0.390651938844945,0.589530059486178
"260.jpg",0.377149539164565,0.538155997014972,0.0846944638204627
"511.jpg",0.199025729255047,0.203077489275173,0.59789678146978
"293.jpg",0.72945883063877,0.183258687950585,0.0872824814106449
"30.jpg",0.385758913412226,0.462834330628223,0.151406755959552
"310.jpg",0.0542351129321832,0.786459758625599,0.159305128442217
"131.jpg",0.0419335098514897,0.150816407115697,0.807250083032813
"152.jpg",0.0218360265268641,0.678587227527115,0.299576745946021
"441.jpg",0.0450629676520565,0.705327645808625,0.249609386539319
"388.jpg",0.148652696529295,0.232308923143541,0.619038380327164
"247.jpg",0.203181469582821,0.335275724616831,0.461542805800348
"17.jpg",0.371458717542808,0.585971368535573,0.0425699139216185
"108.jpg",0.0302306323422623,0.123599217199521,0.846170150458217
"89.jpg",0.112167557056831,0.764111144152588,0.123721298790582
"478.jpg",0.324242268863664,0.580123790802657,0.0956339403336796
"62.jpg",0.0197075534916645,0.163283853120075,0.81700859338826
"239.jpg",0.0406810313618929,0.939511493933942,0.0198074747041655
"172.jpg",0.0703591433671606,0.462033628238289,0.467607228394551
"504.jpg",0.0283270577185073,0.0600592804339846,0.911613661847508
"452.jpg",0.0197735475671384,0.0938889771745298,0.886337475258332
"337.jpg",0.264785714888144,0.173044239671064,0.562170045440792
"500.jpg",0.113377620877433,0.758013997585258,0.128608381537309
"92.jpg",0.0197560039864257,0.0842715873384546,0.89597240867512
"237.jpg",0.0197096646818752,0.140897749757923,0.839392585560201
"143.jpg",0.0713529427147698,0.348512972168808,0.580134085116422
"211.jpg",0.113065983744592,0.851640905488602,0.0352931107668053
"50.jpg",0.142409337424958,0.365887338431913,0.491703324143129
"488.jpg",0.440718237118989,0.430295739752222,0.128986023128788
"498.jpg",0.621290472529217,0.267629102816072,0.111080424654712
"501.jpg",0.436170510273932,0.524500419860708,0.0393290698653607
"304.jpg",0.855392457887403,0.124800024584458,0.0198075175281386
"163.jpg",0.190891898085369,0.45548317780408,0.353624924110551
"145.jpg",0.141827825958753,0.154347752163872,0.703824421877375
"141.jpg",0.14222850547847,0.247432366166794,0.610339128354736
"286.jpg",0.069075922261006,0.780295103054568,0.150628974684426
"221.jpg",0.229457633901741,0.614308760636074,0.156233605462185
"343.jpg",0.0198784237181953,0.260371770245189,0.719749806036616
"497.jpg",0.439284566337538,0.498368445771695,0.0623469878907664
"490.jpg",0.147456838032993,0.810100367552156,0.0424427944148508
"178.jpg",0.105983475729837,0.140116575511746,0.753899948758418
"507.jpg",0.0579981996640937,0.564478999724674,0.377522800611233
"320.jpg",0.2278431952,0.637545824051,0.134610980749
"75.jpg",0.314435725153959,0.665622843586328,0.0199414312597126
"59.jpg",0.756380594644226,0.188421347921926,0.0551980574338481
"253.jpg",0.112178279278319,0.597138753575438,0.290682967146242
"98.jpg",0.286804449389759,0.671035078843877,0.0421604717663645
"414.jpg",0.0324119528998867,0.182091422389797,0.785496624710316
"364.jpg",0.0811904394981781,0.397968065678443,0.520841494823379
"45.jpg",0.0217820424181266,0.519417165742482,0.458800791839392
"405.jpg",0.125345139979827,0.854743309414407,0.0199115506057658
"0.jpg",0.255472235218416,0.388406175720719,0.356121589060864
"321.jpg",0.211868259487049,0.596490332432302,0.191641408080649
"437.jpg",0.255102016183627,0.691783329599734,0.0531146542166389
"23.jpg",0.428812640046526,0.365903873267333,0.205283486686142
"97.jpg",0.236425359408841,0.567845438368038,0.195729202223122
"115.jpg",0.113999146640403,0.745786987118944,0.140213866240654
"502.jpg",0.170751065016,0.3900590837,0.439189851284
"72.jpg",0.0587924870077856,0.89770103110671,0.0435064818855048
"353.jpg",0.019855551662174,0.167657616103301,0.812486832234525
"455.jpg",0.510457471324654,0.198890632358339,0.290651896317008
"234.jpg",0.17758846283,0.225035190582,0.597376346588
"22.jpg",0.0552631860697195,0.630226516359828,0.314510297570452
"371.jpg",0.863299443780705,0.0324034830379758,0.104297073181319
"438.jpg",0.021478546582423,0.958640500976252,0.0198809524413251
"224.jpg",0.0977103902865867,0.384889441052867,0.517400168660547
"185.jpg",0.496681883832113,0.348269055732114,0.155049060435772
"149.jpg",0.132821061183667,0.538792284655175,0.328386654161158
"335.jpg",0.0197071294270586,0.0514340631459249,0.928858807427017
"402.jpg",0.269019428923927,0.586397358572493,0.144583212503579
"21.jpg",0.0457986237778407,0.923771594605356,0.0304297816168037
"309.jpg",0.0807262200009148,0.358792716878702,0.560481063120384
"468.jpg",0.286348279024038,0.634433379256118,0.0792183417198437
"48.jpg",0.0250981974032008,0.0789958751850395,0.89590592741176
"509.jpg",0.0387842707809261,0.941537086665939,0.0196786425531349
"261.jpg",0.527623522409559,0.432958772041506,0.0394177055489354
"105.jpg",0.107166066766,0.673972189426,0.218861743808
"485.jpg",0.0198471013054705,0.131911521642696,0.848241377051834
"317.jpg",0.212586313486,0.433151721954,0.35426196456
"37.jpg",0.301144370470705,0.530385748457556,0.168469881071739
"69.jpg",0.476710743855467,0.366342132781864,0.156947123362669
"136.jpg",0.0715815174735594,0.794943183848823,0.133475298677618
"218.jpg",0.153325883199099,0.765641632840538,0.0810324839603631
"44.jpg",0.0994302034378199,0.611217021942122,0.289352774620058
"444.jpg",0.176330360816781,0.803735839848451,0.0199337993347683
"387.jpg",0.104708197853514,0.683523794517376,0.21176800762911
"389.jpg",0.133422944945337,0.833688283970995,0.0328887710836676
"287.jpg",0.0358934890765313,0.281163039965166,0.682943470958303
"68.jpg",0.248311549425,0.453206539154,0.298481911421
"449.jpg",0.36914151907,0.322770178318,0.308088302612
"82.jpg",0.407633563136714,0.497029315968082,0.0953371208952039
"407.jpg",0.5945637071058,0.384459992158591,0.0209763007356094
"292.jpg",0.332868571089925,0.226723622877591,0.440407806032483
"436.jpg",0.271311585177814,0.519905336498109,0.208783078324077
"460.jpg",0.426293363579405,0.52938233622814,0.0443243001924544
"11.jpg",0.114070254983636,0.176922579911824,0.709007165104541
"91.jpg",0.911864136312609,0.0684677483912066,0.019668115296184
"76.jpg",0.0198409881583279,0.284510838561273,0.6956481732804
"326.jpg",0.0256494600809412,0.140017236770138,0.834333303148921
"375.jpg",0.457373298466233,0.522953481068876,0.0196732204648912
"202.jpg",0.295613953339887,0.302450367881626,0.401935678778487
"315.jpg",0.236729234457,0.561859548092,0.201411217451
"283.jpg",0.0794806045216166,0.32182178380837,0.598697611670013
"80.jpg",0.437926676587052,0.50076764448883,0.0613056789241175
"306.jpg",0.325320392847,0.359022289515,0.315657317638
"440.jpg",0.0907790823396991,0.176473769194636,0.732747148465665
"140.jpg",0.0471775123744504,0.836003425851364,0.116819061774186
"461.jpg",0.0497453298363375,0.558963013268277,0.391291656895386
"291.jpg",0.819459554789497,0.160728155669613,0.01981228954089
"285.jpg",0.553305196315578,0.412449350674973,0.0342454530094491
"180.jpg",0.171201740837154,0.507033840031623,0.321764419131223
"477.jpg",0.92881786859922,0.0513191571737992,0.0198629742269803
"35.jpg",0.130989287226874,0.417050374062352,0.451960338710774
"123.jpg",0.181811356070551,0.795302482115609,0.0228861618138404
"263.jpg",0.44532307650612,0.478011127725578,0.0766657957683015
"25.jpg",0.504408642518109,0.33072443810942,0.164866919372471
"272.jpg",0.400016021729277,0.391466808064494,0.208517170206229
"187.jpg",0.116698900609209,0.236891497512239,0.646409601878552
"344.jpg",0.912323564978698,0.0676965183720137,0.0199799166492882
"459.jpg",0.432086889804349,0.529578691678995,0.0383344185166561
"342.jpg",0.133737666402175,0.490794263917675,0.37546806968015
"102.jpg",0.238903369258697,0.428254802298274,0.332841828443028
"109.jpg",0.0348005407855355,0.164529964940891,0.800669494273574
"476.jpg",0.0216751464243372,0.146490611598057,0.831834241977606
"425.jpg",0.0624558515847062,0.0334600619972033,0.90408408641809
"318.jpg",0.101657944966691,0.813010120779978,0.0853319342533306
"41.jpg",0.0199688285564828,0.277127100806137,0.702904070637381
"361.jpg",0.196257686503872,0.317355284611822,0.486387028884306
"3.jpg",0.0376927924327661,0.439385232036316,0.522921975530917
"20.jpg",0.546012597283889,0.430985238214594,0.0230021645015177
"355.jpg",0.776966296940227,0.153708313515831,0.0693253895439422
"284.jpg",0.153034925460847,0.306106269359694,0.540858805179459
"104.jpg",0.150418132544,0.700429201126,0.14915266633
"94.jpg",0.281361218074436,0.631421139368194,0.0872176425573699
"395.jpg",0.107855308290282,0.827208722448309,0.0649359692614088
"198.jpg",0.0358469978397983,0.391354677789862,0.57279832437034
"130.jpg",0.823908698914899,0.12931315793587,0.0467781431492318
"366.jpg",0.140815692258295,0.17801961568067,0.681164692061035
"13.jpg",0.161258854214084,0.265781390706509,0.572959755079407
"484.jpg",0.0196094470252445,0.0196094470252445,0.960781105949511
"496.jpg",0.412518680095587,0.264185190200736,0.323296129703677
"369.jpg",0.0882774131256694,0.530677489479322,0.381045097395009
"456.jpg",0.229529854214845,0.705941249341981,0.0645288964431743
"19.jpg",0.123222688292576,0.373721880895511,0.503055430811913
"199.jpg",0.0816734320674046,0.506876729736265,0.41144983819633
"133.jpg",0.0698107066863817,0.0900253376350028,0.840163955678616
"332.jpg",0.280653783102044,0.226632810433111,0.492713406464845
"392.jpg",0.311504662037,0.269247174263,0.4192481637
"132.jpg",0.0879149585961824,0.696116745471861,0.215968295931957
"491.jpg",0.185493893079866,0.557614301549968,0.256891805370166
"251.jpg",0.0268339114080559,0.738293919661,0.234872168930944
"394.jpg",0.189107945236795,0.563109772297797,0.247782282465408
"492.jpg",0.775636303787778,0.196118396578522,0.0282452996336998
"117.jpg",0.374892546866553,0.605365274663039,0.0197421784704077
"195.jpg",0.487184524536,0.394684970379,0.118130505085
"61.jpg",0.212012022733852,0.755319476127471,0.0326685011386771
"339.jpg",0.053803375332944,0.631266619800917,0.314930004866139
"398.jpg",0.185907915234814,0.578568339347421,0.235523745417764
"406.jpg",0.869142322775532,0.110289986998771,0.0205676902256971
"18.jpg",0.20183030673142,0.607917991633758,0.190251701634822
"233.jpg",0.405325642109364,0.519684362716275,0.0749899951743611
"489.jpg",0.719685993185082,0.127959136008438,0.15235487080648
"410.jpg",0.108384269726068,0.759759329550348,0.131856400723584
"323.jpg",0.0352907771574215,0.768667567242854,0.196041655599724
"470.jpg",0.400523060591177,0.455867228261966,0.143609711146857
"181.jpg",0.612058002116165,0.203037506432127,0.184904491451709
"213.jpg",0.0655544747079886,0.098139487068361,0.83630603822365
"495.jpg",0.0515083141400695,0.90685318549189,0.0416385003680405
"204.jpg",0.135074299031613,0.80264214568418,0.0622835552842068
"12.jpg",0.0232460823694188,0.0607953752221339,0.915958542408447
"112.jpg",0.0199568403999993,0.930768296265948,0.0492748633340531
"277.jpg",0.254776187383095,0.461550338910585,0.283673473706321
"303.jpg",0.246616419656597,0.454564477908219,0.298819102435184
"148.jpg",0.280945097123542,0.570509740366436,0.148545162510023
"225.jpg",0.175761192223719,0.700904187479259,0.123334620297022
"15.jpg",0.0738422881639535,0.189738678779372,0.736419033056675
"378.jpg",0.094921089001562,0.749909574166574,0.155169336831864
"466.jpg",0.13609720411598,0.839992978126419,0.0239098177576013
"87.jpg",0.0633459896590904,0.141503271278119,0.795150739062791
"138.jpg",0.0314477691486253,0.478801652157534,0.489750578693841
"182.jpg",0.0198182142624417,0.0590038403273342,0.921177945410224
"128.jpg",0.215863495157534,0.764488140476465,0.0196483643660007
"66.jpg",0.0467771504794839,0.341280989171029,0.611941860349487
"36.jpg",0.273205453930994,0.707020634063055,0.0197739120059508
"99.jpg",0.316814591979292,0.383317310115378,0.299868097905331
"169.jpg",0.297257286474039,0.621687494415441,0.0810552191105199
"381.jpg",0.118213819238504,0.563004621312332,0.318781559449164
"450.jpg",0.0197723491796436,0.13296027989816,0.847267370922196
"423.jpg",0.252590291125051,0.275814286594907,0.471595422280042
"330.jpg",0.170969933271,0.499678939581,0.329351127148
"222.jpg",0.052323449208069,0.863768395544031,0.0839081552479002
"120.jpg",0.152455059970132,0.789154341938253,0.058390598091615
"422.jpg",0.019896430881702,0.364394401996545,0.615709167121752
"359.jpg",0.197852705371325,0.052025982410264,0.750121312218411
"383.jpg",0.272572447636131,0.60754213454084,0.119885417823028
"362.jpg",0.0308276076149861,0.813675394501771,0.155496997883243
"157.jpg",0.549659897579485,0.420550994192397,0.0297891082281183
"351.jpg",0.0789623023743602,0.896142288920891,0.0248954087047484
"73.jpg",0.0795709078069065,0.900504879196924,0.0199242129961697
"346.jpg",0.330061177315483,0.329389105122454,0.340549717562063
"161.jpg",0.171040738491644,0.46264042071639,0.366318840791966
"223.jpg",0.118547031175465,0.100269548614683,0.781183420209852
"14.jpg",0.0199762372875301,0.330157157656502,0.649866605055968
"400.jpg",0.297139802489658,0.262866802897219,0.439993394613123
"191.jpg",0.283892414454438,0.295922687770912,0.42018489777465
"297.jpg",0.425866037607,0.274840056896,0.299293905497
"235.jpg",0.46222693761165,0.482710372270494,0.0550626901178557
"300.jpg",0.569841943784693,0.402954134897493,0.0272039213178138
"114.jpg",0.158325868224214,0.464179224731735,0.377494907044052
"493.jpg",0.267671974507424,0.671916251420448,0.0604117740721281
"124.jpg",0.0815388012850284,0.598497545629506,0.319963653085466
"259.jpg",0.0996250972096036,0.275294665624138,0.625080237166258
"356.jpg",0.832698470597437,0.102978267543167,0.0643232618593954
"403.jpg",0.845164405626614,0.0867272304486168,0.0681083639247696
"116.jpg",0.0887144668208431,0.122661055961785,0.788624477217372
"418.jpg",0.0958687365055479,0.326693624258163,0.577437639236289
"439.jpg",0.274398505688,0.497476905584,0.228124588728
"446.jpg",0.584470229878382,0.186018472492723,0.229511297628896
"434.jpg",0.79886273744298,0.145725723823768,0.0554115387332524
"7.jpg",0.0631855367836042,0.193202932027414,0.743611531188982
"70.jpg",0.582736620049358,0.292545173951216,0.124718205999426
"379.jpg",0.282460131718877,0.358723174295668,0.358816693985455
"29.jpg",0.0197859282351147,0.376993854751812,0.603220217013073
"95.jpg",0.107041673467135,0.227248284626454,0.665710041906411
"316.jpg",0.901184214669276,0.0576514833815475,0.0411643019491769
"188.jpg",0.0415631008031216,0.59423422370648,0.364202675490399
"280.jpg",0.0203631088449267,0.632012177839758,0.347624713315315
"347.jpg",0.110628341215212,0.869539387577342,0.0198322712074456
"481.jpg",0.0198436006600319,0.49390165402536,0.486254745314608
"254.jpg",0.0203753321294536,0.0475580959262625,0.932066571944284
"416.jpg",0.559426937069643,0.267846719494004,0.172726343436354
"160.jpg",0.48153421529945,0.498725451189869,0.0197403335106808
"510.jpg",0.0852665254315058,0.54243400440033,0.372299470168165
"238.jpg",0.0198721164927177,0.49480100920798,0.485326874299302
"294.jpg",0.316711741808474,0.591524698155812,0.0917635600357137
"85.jpg",0.738082297944365,0.23958698182848,0.0223307202271547
"341.jpg",0.0935804315389135,0.140283285526721,0.766136282934365
"9.jpg",0.681613102889416,0.205229123053281,0.113157774057303
"363.jpg",0.128096822741541,0.695221921659004,0.176681255599455
"358.jpg",0.205010849311867,0.280817840707467,0.514171309980667
"53.jpg",0.197685080731705,0.340127711596243,0.462187207672052
"296.jpg",0.220155666318015,0.689903541880069,0.0899407918019164
"367.jpg",0.218978012674403,0.745546026254555,0.0354759610710413
"147.jpg",0.120565935969121,0.732838273048733,0.146595790982147
"288.jpg",0.0301228996523131,0.529179679454602,0.440697420893085
"71.jpg",0.0354355329015651,0.907759135499017,0.0568053315994182
"377.jpg",0.0709068019553248,0.498269967760329,0.430823230284346
"196.jpg",0.870866886594854,0.109356468991212,0.019776644413934
"354.jpg",0.442945533658134,0.537090616449632,0.0199638498922336
"246.jpg",0.193481409258199,0.572634484140479,0.233884106601321
"338.jpg",0.221837598436282,0.659427489221219,0.118734912342499
"445.jpg",0.0988778547289252,0.635872435877451,0.265249709393623
"84.jpg",0.865180223987536,0.114826963769103,0.019992812243361
"78.jpg",0.0197998907676737,0.143914863449282,0.836285245783045
"135.jpg",0.0781841392136719,0.68134364420135,0.240472216584978
"265.jpg",0.041520014882327,0.126008679546152,0.832471305571521
"155.jpg",0.0874221703963826,0.707447653319192,0.205130176284425
"215.jpg",0.645765447976684,0.33440769628235,0.0198268557409659
"475.jpg",0.222345439923304,0.65639781462818,0.121256745448516
"168.jpg",0.0196897867849386,0.791964503009845,0.188345710205216
"421.jpg",0.307933231951666,0.327821304564942,0.364245463483392
"319.jpg",0.0196907747731973,0.930354067192257,0.0499551580345455
"58.jpg",0.0637235501963574,0.519943662284785,0.416332787518858
"289.jpg",0.826458851784658,0.150945417442151,0.0225957307731909
"479.jpg",0.0534708589755872,0.811245527403024,0.135283613621389
"47.jpg",0.289342877104443,0.690696619626986,0.0199605032685709
"255.jpg",0.0546408753457025,0.681513574497047,0.26384555015725
"200.jpg",0.0994563821844759,0.840467252272135,0.0600763655433886
"55.jpg",0.0210442059525855,0.193761036521721,0.785194757525693
"448.jpg",0.252386838198,0.220127671957,0.527485489845
"245.jpg",0.349119117692846,0.626289351343939,0.0245915309632144
"194.jpg",0.152757240045764,0.23272394787218,0.614518812082055
"322.jpg",0.331721415170038,0.276217422598168,0.392061162231793
"125.jpg",0.0560751138864024,0.373443036468065,0.570481849645533
"415.jpg",0.863979265114478,0.116265988366056,0.0197547465194664
"167.jpg",0.10945797967379,0.268068808254252,0.622473212071957
"51.jpg",0.893495109483388,0.0543869563754673,0.0521179341411447
"121.jpg",0.042324272472144,0.72570576716739,0.231969960360466
"197.jpg",0.824398890592254,0.13449052226702,0.0411105871407258
"264.jpg",0.0248546843874731,0.403140219318506,0.572005096294021
"385.jpg",0.0198642050131817,0.211375679884373,0.768760115102445
"411.jpg",0.130704430291382,0.832063003777246,0.0372325659313727
"77.jpg",0.179130738351454,0.44421817196059,0.376651089687956
"352.jpg",0.347698062658209,0.592956781387356,0.0593451559544356
"158.jpg",0.0704182822939761,0.146636275251929,0.782945442454095
"302.jpg",0.195597324037617,0.596303725462913,0.20809895049947
"386.jpg",0.0544929250426517,0.0329501796727538,0.912556895284594
"174.jpg",0.280649845013963,0.513595350289084,0.205754804696952
"153.jpg",0.0629376629432089,0.308655743430156,0.628406593626635
"144.jpg",0.26646519302887,0.685458317818953,0.0480764891521768
"271.jpg",0.0577035774119494,0.206300051557142,0.735996371030909
"270.jpg",0.0197159612895444,0.0742486262597078,0.906035412450748
"216.jpg",0.427904552833043,0.552153941836902,0.0199415053300556
"374.jpg",0.250537365675,0.141314476728,0.608148157597
"137.jpg",0.157056617097301,0.505461342713879,0.33748204018882
"226.jpg",0.108764111996,0.227298259735,0.663937628269
"214.jpg",0.563327048023278,0.350108346349313,0.0865646056274093
"454.jpg",0.214031129030183,0.41501670963935,0.370952161330467
"56.jpg",0.150287438938017,0.726914308277227,0.122798252784756
"106.jpg",0.274016116172114,0.604203411999235,0.121780471828651
"179.jpg",0.316898247095798,0.548470301971488,0.134631450932714
"244.jpg",0.0931601862176849,0.458145780185604,0.448694033596711
"127.jpg",0.552492754235389,0.191187685465775,0.256319560298836
"474.jpg",0.187860518694,0.43488612771,0.377253353596
"142.jpg",0.924900221289939,0.0551570678817884,0.0199427108282729
"279.jpg",0.0231969288127761,0.558021157639483,0.418781913547741
"487.jpg",0.46028980612754,0.193451225757807,0.346258968114654
"467.jpg",0.845627831982345,0.104406563811197,0.049965604206458
"256.jpg",0.0327722322132297,0.427740995896006,0.539486771890765
"52.jpg",0.212681406358456,0.19238867782424,0.594929915817304
"503.jpg",0.10063430296793,0.511038978063735,0.388326718968335
"426.jpg",0.0349896601221893,0.485551890954609,0.479458448923201
"327.jpg",0.204432213504733,0.416414041060957,0.37915374543431
"250.jpg",0.255674265156396,0.343765457160102,0.400560277683503
"243.jpg",0.850673032562049,0.115332508315593,0.0339944591223582
"6.jpg",0.229858708881039,0.750366008632948,0.019775282486013
"209.jpg",0.026577154551966,0.159462696344209,0.813960149103826
"119.jpg",0.283520954093763,0.504385985238433,0.212093060667804
"299.jpg",0.158635184632912,0.800295788078169,0.0410690272889187
"210.jpg",0.207111951602618,0.612729599882103,0.180158448515279
"219.jpg",0.0600717233842573,0.154480765050677,0.785447511565066
"258.jpg",0.0317928718908569,0.313402953098852,0.654804175010291
"1.jpg",0.0199640684475079,0.144435355425462,0.83560057612703
"368.jpg",0.264692779411548,0.206640911003637,0.528666309584815
"129.jpg",0.2174480952668,0.658210605005647,0.124341299727553
"372.jpg",0.334931949821642,0.37499932572273,0.290068724455628
"83.jpg",0.1933298558,0.151446536183,0.655223608017
"278.jpg",0.244721770287,0.622191786766,0.133086442947
"463.jpg",0.0199157756227685,0.230011485902046,0.750072738475185
"482.jpg",0.84662035564719,0.126343008090751,0.0270366362620596
"334.jpg",0.209133951297848,0.0785528192032422,0.71231322949891
"269.jpg",0.900297331491788,0.0800474056529683,0.0196552628552435
"419.jpg",0.0739815144096244,0.206742669491053,0.719275816099322
"433.jpg",0.295689501189358,0.225862322310902,0.47844817649974
"240.jpg",0.227139198300753,0.0911339629864682,0.681726838712779
"201.jpg",0.261258653960708,0.521275862417415,0.217465483621876
"10.jpg",0.108460982758403,0.871720157269559,0.0198188599720376
"146.jpg",0.156638834401113,0.781424599471012,0.0619365661278752
"229.jpg",0.156942915689016,0.758450743440297,0.084606340870687
"242.jpg",0.386374443769386,0.47980180382748,0.133823752403134
"60.jpg",0.0258839345417682,0.303414833493284,0.670701231964948
"63.jpg",0.146063255460342,0.351514046661559,0.502422697878098
"480.jpg",0.14970540554233,0.517109199848594,0.333185394609076
"349.jpg",0.0197335884355316,0.195379711873803,0.784886699690665
"396.jpg",0.125315205196598,0.76033956378953,0.114345231013872
"151.jpg",0.0507177028645035,0.174300517716192,0.774981779419305
"203.jpg",0.058023200354335,0.579092772572521,0.362884027073143
"207.jpg",0.0197836032550852,0.338602027674916,0.641614369069998
"49.jpg",0.382024221541172,0.453330543835314,0.164645234623515
"298.jpg",0.273963404027986,0.495187632524373,0.230848963447641
"281.jpg",0.044876046144342,0.27197176015362,0.683152193702038
"90.jpg",0.019887365540809,0.953032320737489,0.0270803137217018
"154.jpg",0.519614365974916,0.44256689472459,0.0378187393004947
"110.jpg",0.0855878442526257,0.887801468372266,0.026610687375108
"126.jpg",0.024811732312505,0.93145461339905,0.0437336542884447
"67.jpg",0.0199533200721289,0.148549422564517,0.831497257363354
"40.jpg",0.142442667034181,0.0818471808342357,0.775710152131583
"376.jpg",0.0417229902616429,0.340815213763756,0.617461795974601
"183.jpg",0.0602612636364264,0.394998152311931,0.544740584051643
"274.jpg",0.0955602576503783,0.82281498431934,0.0816247580302821
"390.jpg",0.24013510763,0.282823043339679,0.477041849030321
"435.jpg",0.0195923145593353,0.0195923145593353,0.960815370881329
"324.jpg",0.1965290024622,0.764677113031074,0.0387938845067261
"227.jpg",0.0197358059072347,0.846718107425244,0.133546086667522
"192.jpg",0.0217158046109019,0.0634966185168051,0.914787576872293
"231.jpg",0.915412158663298,0.0354228925660339,0.049164948770668
"101.jpg",0.0998252592916103,0.767875282759812,0.132299457948578
"473.jpg",0.147085249424,0.450476408005,0.402438342571
"86.jpg",0.118109986186118,0.155283465981155,0.726606547832727
"404.jpg",0.362124662462039,0.343847225423335,0.294028112114626
"266.jpg",0.0571682080625657,0.117625869810929,0.825205922126505
"230.jpg",0.0745105078407331,0.638380651462191,0.287108840697076
"166.jpg",0.150802917069494,0.714396210658368,0.134800872272138
"370.jpg",0.526522454657687,0.446057495962341,0.0274200493799713
"471.jpg",0.512014746666,0.298382222652,0.189603030682
"93.jpg",0.244011555134707,0.584177825561914,0.171810619303378
"301.jpg",0.0500286404019927,0.523010985902484,0.426960373695523
"220.jpg",0.185211153218045,0.750547295440478,0.0642415513414766
"217.jpg",0.45722669892691,0.522779096326535,0.0199942047465549
"206.jpg",0.397934979170027,0.419011271283106,0.183053749546867
"16.jpg",0.117713017497958,0.669192125362368,0.213094857139674
"428.jpg",0.403607040643596,0.376716613769623,0.21967634558678
"208.jpg",0.0592211484909059,0.381927013397038,0.558851838112056
"248.jpg",0.149579677762417,0.625290228032126,0.225130094205457
"232.jpg",0.880180403867124,0.099888763997191,0.0199308321356848
"165.jpg",0.755413868188751,0.224949960521278,0.0196361712899714
"458.jpg",0.316862894168218,0.654178169354521,0.0289589364772619
"74.jpg",0.0472123863999936,0.448334710610723,0.504452902989283
"252.jpg",0.472531080246,0.257686436176,0.269782483578
"391.jpg",0.134702328881399,0.287952342270556,0.577345328848045
"429.jpg",0.476817839192937,0.193316054443397,0.329866106363665
"156.jpg",0.0351195561522547,0.558627430785998,0.406253013061747
"46.jpg",0.292145388179225,0.147749015044176,0.5601055967766
"424.jpg",0.16152189672,0.241082504392,0.597395598888
"139.jpg",0.503638394231219,0.391348457207875,0.105013148560906
"159.jpg",0.182351391455872,0.688043039324117,0.12960556922001
"336.jpg",0.891288847948472,0.088868833967629,0.0198423180838991
"170.jpg",0.243523143424523,0.477910176578321,0.278566679997156
"193.jpg",0.799081495346071,0.141962105085503,0.0589563995684265
"408.jpg",0.0656780441748921,0.664948811159199,0.269373144665909
"499.jpg",0.019859909866832,0.188563477519497,0.791576612613671
"413.jpg",0.0337119654159554,0.124217498977802,0.842070535606242
"453.jpg",0.177540177775948,0.683975080133175,0.138484742090878
"43.jpg",0.185379677357028,0.687702269302355,0.126918053340618
"8.jpg",0.0979986154288674,0.825086384077139,0.0769150004939932
"79.jpg",0.82343266690587,0.156896421577117,0.0196709115170124
"442.jpg",0.288177620179366,0.614831351296066,0.096991028524568
"494.jpg",0.0709749439067337,0.701492229059427,0.227532827033839
"111.jpg",0.353238007619751,0.297459202853056,0.349302789527193
"417.jpg",0.618649588108563,0.274889522606944,0.106460889284493
"357.jpg",0.218153619225368,0.314595749539103,0.467250631235529
"173.jpg",0.0198457214401059,0.154334368995944,0.82581990956395
"401.jpg",0.0991815105689229,0.396588206545561,0.504230282885516
"184.jpg",0.07739980403485,0.38816069978194,0.53443949618321
"483.jpg",0.789552959371775,0.177856333391304,0.0325907072369216
"4.jpg",0.0272788938979552,0.447043080234075,0.52567802586797
"275.jpg",0.222027622997133,0.385387409168684,0.392584967834183
"33.jpg",0.372214585543,0.337382853031,0.290402561426
"171.jpg",0.0427100227951177,0.267809050226409,0.689480926978473
"393.jpg",0.11717601295104,0.397751039232888,0.485072947816072
"365.jpg",0.0199861029219933,0.57893164680093,0.401082250277076
"295.jpg",0.156877373364259,0.356965492873286,0.486157133762455
"380.jpg",0.0483660974922847,0.315486739722419,0.636147162785297
"268.jpg",0.0637556701247859,0.523908984450571,0.412335345424643
"122.jpg",0.0647850594053643,0.314148824563536,0.621066116031099
"282.jpg",0.178573007030167,0.269592545342603,0.55183444762723
"314.jpg",0.218991836655738,0.747281868871168,0.0337262944730941
"325.jpg",0.200743916642084,0.23993020117196,0.559325882185956
"305.jpg",0.0691993735134201,0.285030505436283,0.645770121050297
"32.jpg",0.119270102967244,0.442534989752214,0.438194907280542
"420.jpg",0.0944162567859227,0.139011298828491,0.766572444385587
"31.jpg",0.457667824196329,0.457596924471857,0.0847352513318139
"54.jpg",0.114772636138569,0.131806392425226,0.753420971436205
"329.jpg",0.0270028962065352,0.466574387373114,0.506422716420351
"34.jpg",0.102959894411051,0.561849002255775,0.335191103333174
"397.jpg",0.409843270590408,0.536612576283182,0.0535441531264095
"312.jpg",0.526393214028744,0.453613589695735,0.019993196275521
"345.jpg",0.530283188956538,0.44537685310614,0.0243399579373211
"28.jpg",0.0990237087593314,0.701532381681443,0.199443909559226
"307.jpg",0.0967774867050627,0.0990549206451347,0.804167592649803
"464.jpg",0.573553256546424,0.406744546505684,0.0197021969478919
"113.jpg",0.506574600543128,0.232348577240095,0.261076822216777
"308.jpg",0.867663022542693,0.112686191762525,0.0196507856947814
"96.jpg",0.383603458130451,0.410699344637986,0.205697197231564
"38.jpg",0.0374268067074216,0.750366503369794,0.212206689922784
"508.jpg",0.0824201566342252,0.642384419476813,0.275195423888962
"2.jpg",0.927520334610833,0.0526331830953087,0.0198464822938583
"134.jpg",0.0552525472915331,0.92476808880825,0.019979363900217
"175.jpg",0.0504517072828881,0.761587801432752,0.18796049128436
"150.jpg",0.0708880724019073,0.909427782167011,0.019684145431082
"190.jpg",0.0308021772385453,0.851577511523767,0.117620311237688
"273.jpg",0.0198188304145102,0.29183327533837,0.688347894247119
"457.jpg",0.936023483939414,0.0442042936585815,0.0197722224020041
