"image_name","Type_1","Type_2","Type_3"
"400.jpg",0.254422445179999,0.156391676991118,0.589185877828883
"430.jpg",0.0870550018901226,0.59430036715041,0.318644630959468
"303.jpg",0.811748948133907,0.140248155100105,0.048002896765988
"126.jpg",0.0329181201328348,0.944801167361389,0.0222807125057763
"487.jpg",0.742164893250685,0.234229633937359,0.0236054728119563
"18.jpg",0.104606557807416,0.847235848785642,0.0481575934069421
"248.jpg",0.128800179696368,0.497391983944227,0.373807836359405
"502.jpg",0.048370223675976,0.172511492076102,0.779118284247922
"383.jpg",0.31775105709753,0.623613311878317,0.0586356310241529
"478.jpg",0.0233807218924907,0.829476918562197,0.147142359545312
"246.jpg",0.085923365199832,0.869826560454559,0.0442500743456093
"355.jpg",0.896482564501328,0.0698932857324303,0.0336241497662413
"222.jpg",0.034895164719324,0.72852776002458,0.236577075256097
"433.jpg",0.0446085236052514,0.521957429843415,0.433434046551334
"354.jpg",0.216937697438242,0.706212660855762,0.0768496417059961
"154.jpg",0.301293659287307,0.553009423792574,0.145696916920119
"32.jpg",0.0321215905520503,0.15854593757034,0.80933247187761
"490.jpg",0.132165955486405,0.518846161944327,0.348987882569268
"210.jpg",0.0375862778131834,0.29597862452379,0.666435097663027
"387.jpg",0.0481538624596017,0.156635735668718,0.79521040187168
"183.jpg",0.0692565323079748,0.188986280068254,0.741757187623772
"280.jpg",0.0301411124738622,0.665936253940311,0.303922633585827
"74.jpg",0.0692682266234654,0.187229871749906,0.743501901626628
"484.jpg",0.0458795298089512,0.0458795298089512,0.908240940382097
"145.jpg",0.0533288191756056,0.647388751452019,0.299282429372376
"399.jpg",0.0483670784570125,0.843152874128603,0.108480047414384
"156.jpg",0.0483134461618972,0.562039149162924,0.389647404675179
"85.jpg",0.337071329355,0.487109899521,0.175818771124
"351.jpg",0.0481285417193117,0.813353334529621,0.138518123751068
"233.jpg",0.24612226073718,0.713640004954818,0.0402377343080019
"268.jpg",0.234063824282748,0.693868771803216,0.0720674039140362
"190.jpg",0.0407761671408578,0.931887926406921,0.0273359064522213
"416.jpg",0.817584093029252,0.157234373309335,0.0251815336614134
"103.jpg",0.297969728708,0.331422716379,0.370607554913
"230.jpg",0.065236578491577,0.596274629512903,0.33848879199552
"27.jpg",0.0476479093230459,0.915438915897933,0.0369131747790212
"112.jpg",0.0480726828058474,0.881677124823842,0.0702501923703101
"330.jpg",0.131746325843304,0.598116534892069,0.270137139264627
"128.jpg",0.329304526216655,0.623021225926231,0.047674247857114
"342.jpg",0.218684237917167,0.344233895179226,0.437081866903606
"398.jpg",0.0480086464013003,0.909582876464227,0.0424084771344731
"255.jpg",0.0524480931095657,0.765799987825738,0.181751919064696
"243.jpg",0.194849505295127,0.74402862510027,0.0611218696046027
"471.jpg",0.337537534253117,0.59375103306949,0.068711432677393
"41.jpg",0.0460876901608672,0.367469105937169,0.586443203901964
"168.jpg",0.0477829536107588,0.509549467089389,0.442667579299852
"122.jpg",0.0441647336850505,0.475635803553481,0.480199462761468
"499.jpg",0.047974856180327,0.168575317614206,0.783449826205467
"444.jpg",0.208890023297382,0.749773696078714,0.0413362806239047
"111.jpg",0.336652070284,0.416090339422,0.247257590294
"42.jpg",0.0807113337411366,0.224686783183987,0.694601883074876
"79.jpg",0.846277834006846,0.105926146896467,0.047796019096687
"328.jpg",0.109577033312036,0.603135801734985,0.287287164952979
"345.jpg",0.54260631436893,0.384661211991938,0.0727324736391319
"94.jpg",0.142961661727385,0.780136681194977,0.0769016570776384
"216.jpg",0.24523791002914,0.717544460512257,0.0372176294586029
"47.jpg",0.577659125792555,0.38559966992136,0.0367412042860854
"404.jpg",0.323741619643074,0.535344787468173,0.140913592888753
"472.jpg",0.218326043809724,0.437659555112435,0.344014401077841
"17.jpg",0.673530851545686,0.27498321700894,0.051485931445374
"451.jpg",0.044150668963252,0.716354486657794,0.239494844378954
"373.jpg",0.595907195764588,0.369655003444543,0.0344378007908689
"337.jpg",0.340285142677356,0.357776961193938,0.301937896128706
"192.jpg",0.0300879279860569,0.466264049973432,0.503648022040511
"23.jpg",0.42422784774624,0.461701524939233,0.114070627314527
"71.jpg",0.0477843553784662,0.688608839391859,0.263606805229674
"147.jpg",0.0752529261577616,0.697376891284371,0.227370182557867
"408.jpg",0.0237480954593067,0.47043593491216,0.505815969628533
"312.jpg",0.745145898895665,0.233845675289544,0.0210084258147915
"509.jpg",0.071722686557867,0.894957843776718,0.033319469665415
"205.jpg",0.189036347971681,0.130172899224249,0.68079075280407
"227.jpg",0.0479108806324686,0.92753037047509,0.0245587488924416
"305.jpg",0.0484066497236993,0.676588202681971,0.27500514759433
"366.jpg",0.0567881709631524,0.163590318098296,0.779621510938552
"24.jpg",0.186474801499405,0.714053874567344,0.0994713239332509
"376.jpg",0.0281591677225042,0.732388081894439,0.239452750383057
"166.jpg",0.899282127967131,0.0793639224555136,0.0213539495773552
"371.jpg",0.859849076485427,0.0917518780986777,0.048399045415895
"356.jpg",0.772377947905643,0.179291507946081,0.0483305441482762
"221.jpg",0.0825584555434071,0.161934827623982,0.755506716832611
"448.jpg",0.0477263886853874,0.916567562801224,0.0357060485133883
"148.jpg",0.158507815948328,0.793367898518682,0.04812428553299
"223.jpg",0.0430056549686255,0.0704292691722822,0.886565075859092
"314.jpg",0.37989324331262,0.502793014049497,0.117313742637883
"297.jpg",0.0419066413600804,0.77754685900749,0.18054649963243
"22.jpg",0.0481250986093679,0.890167813818928,0.0617070875717045
"465.jpg",0.0301477586165949,0.927900054331488,0.0419521870519167
"479.jpg",0.0483175007069216,0.254558383729238,0.697124115563841
"14.jpg",0.0224072252782631,0.673085358244868,0.304507416476869
"482.jpg",0.829804436691655,0.121652102427356,0.0485434608809883
"362.jpg",0.0483378908815518,0.787250886811972,0.164411222306476
"333.jpg",0.047667565986786,0.0460925535095082,0.906239880503706
"397.jpg",0.685179611598928,0.269927748141468,0.0448926402596039
"127.jpg",0.0568755828729434,0.320217809691493,0.622906607435563
"417.jpg",0.470143086763602,0.418464279449536,0.111392633786862
"343.jpg",0.0476814001295271,0.108341570243742,0.843977029626731
"467.jpg",0.187177915145448,0.64109488480718,0.171727200047372
"90.jpg",0.175466805696,0.270274668932,0.554258525372
"442.jpg",0.500924274298104,0.468267724863357,0.0308080008385384
"492.jpg",0.69686279095388,0.262980652670706,0.0401565563754138
"291.jpg",0.273319015800039,0.678149207883956,0.0485317763160058
"11.jpg",0.046055020274387,0.171567951785274,0.782377027940339
"209.jpg",0.04794957426237,0.0824016486175439,0.869648777120086
"257.jpg",0.048141274736115,0.926058682858694,0.0258000424051909
"67.jpg",0.044019684195478,0.196021214127902,0.75995910167662
"510.jpg",0.288756666416503,0.614934857078182,0.0963084765053152
"403.jpg",0.333530752929581,0.618347099010301,0.0481221480601176
"281.jpg",0.0698305714937877,0.412415250673212,0.517754177833
"38.jpg",0.0481666517477338,0.778189894922681,0.173643453329585
"201.jpg",0.0405070054285741,0.456398047755962,0.503094946815464
"207.jpg",0.0273951175176413,0.447745404248339,0.52485947823402
"56.jpg",0.0477539024685673,0.888013727261341,0.0642323702700917
"346.jpg",0.351844712264169,0.0930809784048173,0.555074309331014
"454.jpg",0.115688307349129,0.742759812731136,0.141551879919735
"425.jpg",0.0318884640642362,0.048420371415151,0.919691164520613
"5.jpg",0.238514211199995,0.686261762883288,0.0752240259167169
"506.jpg",0.0554852011704284,0.71370638746228,0.230808411367291
"380.jpg",0.0256511506932728,0.200109387559471,0.774239461747256
"55.jpg",0.0481605963462137,0.152473818979834,0.799365584673953
"114.jpg",0.0281683838808502,0.508162734999687,0.463668881119463
"39.jpg",0.0433898675062662,0.429965193234623,0.526644939259111
"231.jpg",0.753508893903391,0.206963382920986,0.0395277231756223
"256.jpg",0.0477550673702156,0.139638123778028,0.812606808851757
"88.jpg",0.190459924794043,0.609439978144265,0.200100097061692
"65.jpg",0.35010542180908,0.594117014570196,0.0557775636207237
"452.jpg",0.0481403015688791,0.157487690636919,0.794372007794202
"163.jpg",0.0450286624942607,0.452769203008125,0.502202134497615
"386.jpg",0.0482304005652636,0.0356222681405401,0.916147331294196
"172.jpg",0.0892372146014718,0.691991103977329,0.218771681421199
"273.jpg",0.0493343968291089,0.436023749022574,0.514641854148317
"177.jpg",0.176296783089315,0.775955648364621,0.0477475685460643
"137.jpg",0.0412782692956657,0.671233656522413,0.287488074181922
"61.jpg",0.0643370742772437,0.886296265674472,0.0493666600482838
"228.jpg",0.0327941821126903,0.805680117159123,0.161525700728186
"81.jpg",0.481500006936591,0.470527745344099,0.0479722477193105
"40.jpg",0.0440607773803856,0.272297558125857,0.683641664493757
"401.jpg",0.0481452728013086,0.822343845908473,0.129510881290219
"62.jpg",0.0479641012092967,0.143718346302305,0.808317552488398
"25.jpg",0.567669668805856,0.384205908309736,0.0481244228844086
"270.jpg",0.0483732284358301,0.0526775570738861,0.898949214490284
"179.jpg",0.0919681850849546,0.886797941588113,0.021233873326932
"476.jpg",0.280242494337213,0.341241140924331,0.378516364738455
"367.jpg",0.403115109243676,0.57099393969641,0.0258909510599141
"453.jpg",0.894342577977407,0.0753058697017639,0.0303515523208286
"511.jpg",0.0482159403484769,0.26045264991511,0.691331409736413
"278.jpg",0.0370068241057967,0.738145150597281,0.224848025296922
"3.jpg",0.0457583242312604,0.908483351537479,0.0457583242312604
"412.jpg",0.097930864958907,0.28722534011606,0.614843794925033
"327.jpg",0.0611978541225454,0.169900624678155,0.768901521199299
"505.jpg",0.283112796270275,0.623068218105045,0.0938189856246796
"335.jpg",0.0477940325407733,0.159262952521478,0.792943014937748
"141.jpg",0.0663313985020676,0.225167234607282,0.708501366890651
"493.jpg",0.191210084760664,0.310780866925837,0.498009048313498
"58.jpg",0.0334781794395743,0.493270034446755,0.473251786113671
"317.jpg",0.585490229641173,0.296330006031365,0.118179764327463
"0.jpg",0.0554284856979645,0.627592914243398,0.316978600058637
"272.jpg",0.0489236506143017,0.685578198949308,0.26549815043639
"31.jpg",0.687598015060252,0.287319824551083,0.0250821603886655
"319.jpg",0.0455715081939255,0.908856983612149,0.0455715081939255
"485.jpg",0.128614217043,0.581943631172,0.289442151785
"370.jpg",0.187245768498851,0.286690975924018,0.526063255577131
"6.jpg",0.177261122418314,0.722080263417622,0.100658614164064
"394.jpg",0.39492754325071,0.539918081161747,0.0651543755875437
"271.jpg",0.352153171535131,0.254845224176103,0.393001604288766
"423.jpg",0.0427052760729313,0.125500324193133,0.831794399733936
"113.jpg",0.192001634479049,0.555751706171769,0.252246659349182
"232.jpg",0.920731131799485,0.03161711492045,0.047651753280065
"86.jpg",0.0218294549195188,0.0647086521611671,0.913461892919314
"375.jpg",0.124409830241771,0.78630250794406,0.0892876618141692
"495.jpg",0.0975826517108307,0.711833168390045,0.190584179899124
"2.jpg",0.575068350322108,0.386899647214172,0.0380320024637198
"293.jpg",0.893494286120046,0.0582524958831731,0.0482532179967813
"494.jpg",0.0477788426867682,0.299018201707647,0.653202955605585
"298.jpg",0.0255717993343805,0.0866328566887959,0.887795343976824
"91.jpg",0.782999478436802,0.169156272758393,0.0478442488048044
"106.jpg",0.139475437097323,0.650797794025538,0.209726768877139
"244.jpg",0.191749787084527,0.482387735915119,0.325862477000354
"212.jpg",0.0958344662871205,0.78998203925904,0.11418349445384
"419.jpg",0.307046463875401,0.261687062332202,0.431266473792397
"108.jpg",0.0485380721666918,0.619230435345436,0.332231492487873
"53.jpg",0.307596286905015,0.313404491143919,0.378999221951065
"460.jpg",0.321819593852132,0.525431021290105,0.152749384857763
"504.jpg",0.0461375202120751,0.452786604749777,0.501075875038148
"76.jpg",0.0478814403561134,0.680672787991811,0.271445771652076
"315.jpg",0.265644528438004,0.607237237907491,0.127118233654505
"153.jpg",0.0477888143631852,0.0985044187888922,0.853706766847923
"194.jpg",0.0265893128178123,0.726026975154129,0.247383712028059
"200.jpg",0.127670490994618,0.730601337674198,0.141728171331184
"445.jpg",0.0574582604495898,0.28283262884979,0.65970911070062
"332.jpg",0.119681808364529,0.0988805257201334,0.781437665915337
"338.jpg",0.0792198604578135,0.787501788512108,0.133278351030079
"100.jpg",0.323264348385433,0.639549231545873,0.0371864200686943
"96.jpg",0.456330395584236,0.400403684383816,0.143265920031949
"287.jpg",0.0479355676549891,0.128414323780533,0.823650108564478
"260.jpg",0.420051169993365,0.404628467697738,0.175320362308897
"318.jpg",0.0460612339369425,0.84227940598914,0.111659360073918
"302.jpg",0.181472972035181,0.604586243629605,0.213940784335214
"277.jpg",0.550134325778655,0.31146030030221,0.138405373919135
"133.jpg",0.0361972584040305,0.221556981434472,0.742245760161497
"361.jpg",0.299549123658537,0.402911710652022,0.29753916568944
"92.jpg",0.047775845328804,0.373967142920901,0.578257011750295
"89.jpg",0.344269931316,0.255069315434,0.40066075325
"392.jpg",0.442976100533574,0.339550237046276,0.21747366242015
"382.jpg",0.932979596838907,0.0193505915813271,0.0476698115797656
"110.jpg",0.0760096632244552,0.85349437157801,0.0704959651975348
"481.jpg",0.0482059562029422,0.0550721104856139,0.896721933311444
"352.jpg",0.0501976255401071,0.624378406419906,0.325423968039987
"120.jpg",0.211634380318467,0.42489540129289,0.363470218388642
"296.jpg",0.0669945138354505,0.902877076482073,0.0301284096824767
"119.jpg",0.047804678508035,0.0588534385248193,0.893341882967146
"28.jpg",0.317304800909047,0.519710629003648,0.162984570087305
"498.jpg",0.144606999066511,0.287206990445301,0.568186010488187
"288.jpg",0.136445669286687,0.221664946948749,0.641889383764564
"198.jpg",0.0879613553276594,0.258386081272291,0.65365256340005
"60.jpg",0.0614532250599597,0.572635906118982,0.365910868821059
"304.jpg",0.885337528268498,0.0914661508371246,0.0231963208943775
"182.jpg",0.0483143616448402,0.524242404450736,0.427443233904424
"229.jpg",0.235295260187414,0.716965671615419,0.0477390681971676
"125.jpg",0.0482209847332479,0.502897035890396,0.448881979376356
"202.jpg",0.637360572815,0.21939972043,0.143239706755
"390.jpg",0.046878901751429,0.906242196497142,0.046878901751429
"306.jpg",0.100865480278007,0.614659291068924,0.284475228653069
"396.jpg",0.043352752924,0.671570241451,0.285077005625
"263.jpg",0.0429465880880025,0.876904841971091,0.0801485699409065
"16.jpg",0.129701277451166,0.51907100613755,0.351227716411284
"347.jpg",0.308901142513757,0.642671132794439,0.0484277246918041
"427.jpg",0.0548793876589166,0.703180644542904,0.24193996779818
"289.jpg",0.933075265482817,0.0192429252222355,0.0476818092949471
"109.jpg",0.0467818858462124,0.119558176551937,0.83365993760185
"415.jpg",0.931966443716065,0.0203887893489525,0.0476447669349822
"143.jpg",0.0209122640417856,0.214108363736826,0.764979372221388
"359.jpg",0.0970449762317245,0.114839092503004,0.788115931265271
"282.jpg",0.0480388086041256,0.777987837842647,0.173973353553227
"350.jpg",0.0524453109039255,0.737652716273022,0.209901972823052
"391.jpg",0.236251909080626,0.241329286118289,0.522418804801085
"372.jpg",0.0962559552116512,0.213748001642818,0.689996043145531
"473.jpg",0.13322982192,0.311885148287,0.554885029793
"4.jpg",0.0408099746825339,0.70286275003678,0.256327275280686
"75.jpg",0.512835137355192,0.453436934151291,0.0337279284935168
"290.jpg",0.048324449558708,0.419821149934349,0.531854400506943
"247.jpg",0.0444263122157546,0.280395791212014,0.675177896572232
"203.jpg",0.210705310106,0.501421451569,0.287873238325
"134.jpg",0.0462192811718879,0.907561437656224,0.0462192811718879
"51.jpg",0.453607840329019,0.480304938543488,0.0660872211274924
"336.jpg",0.923890194222952,0.0283582664094048,0.0477515393676435
"500.jpg",0.16329323637169,0.76435569061477,0.0723510730135404
"69.jpg",0.354714235944742,0.336495359926806,0.308790404128452
"368.jpg",0.35016554594,0.259270310402,0.390564143658
"395.jpg",0.676714728425591,0.22826758367237,0.0950176879020396
"142.jpg",0.863391167137599,0.0887551883648418,0.0478536444975588
"178.jpg",0.0704733632857109,0.29243191275261,0.637094723961679
"323.jpg",0.0481628471545,0.691812369149353,0.260024783696147
"73.jpg",0.660271207681937,0.14803978359597,0.191689008722092
"180.jpg",0.0478713470103919,0.861356658248169,0.0907719947414387
"461.jpg",0.0689043728997104,0.433495403069922,0.497600224030367
"52.jpg",0.0462658405303815,0.327393114566869,0.62634104490275
"320.jpg",0.332191099655251,0.502716928882443,0.165091971462307
"10.jpg",0.336063820138768,0.616062606607721,0.0478735732535113
"353.jpg",0.0271773193355801,0.424199408653165,0.548623272011255
"93.jpg",0.0240469169625099,0.905470268902742,0.0704828141347481
"151.jpg",0.0477055887707079,0.108398785073517,0.843895626155776
"219.jpg",0.047848053035804,0.0265772876809386,0.925574659283257
"124.jpg",0.0480500395381711,0.392325684079049,0.55962427638278
"220.jpg",0.0528589664700217,0.899319490922245,0.0478215426077335
"160.jpg",0.344906747341,0.491235673428,0.163857579231
"102.jpg",0.143457006112694,0.666096309837998,0.190446684049308
"206.jpg",0.205793902278,0.64177697897,0.152429118752
"155.jpg",0.0248578089231357,0.36866186579821,0.606480325278654
"258.jpg",0.0414719008905301,0.389636473705268,0.568891625404202
"98.jpg",0.131398960376494,0.82095905479836,0.0476419848251455
"43.jpg",0.0813625622510984,0.870436628378771,0.0482008093701301
"491.jpg",0.0346976282188301,0.728610548056508,0.236691823724661
"129.jpg",0.188508903637942,0.509763196401963,0.301727899960095
"436.jpg",0.165816088568532,0.583352829018255,0.250831082413213
"50.jpg",0.182143909004874,0.575759759906604,0.242096331088523
"393.jpg",0.0289000960100339,0.237860901209063,0.733239002780903
"409.jpg",0.0476613690175858,0.117710255041048,0.834628375941367
"274.jpg",0.0197017428721571,0.932157346643341,0.0481409104845021
"439.jpg",0.0529406927744899,0.914079611627378,0.0329796955981325
"54.jpg",0.0876735260632778,0.519553757330077,0.392772716606646
"489.jpg",0.596975028515,0.256646215916,0.146378755569
"21.jpg",0.144759291664173,0.806740586584071,0.0485001217517564
"44.jpg",0.180739494871199,0.576928683771814,0.242331821356986
"162.jpg",0.125268850483262,0.494031444014125,0.380699705502613
"381.jpg",0.0253745654819509,0.258901608993376,0.715723825524674
"135.jpg",0.0266879189004646,0.891523798189033,0.081788282910502
"432.jpg",0.0484191306858756,0.493498038336385,0.458082830977739
"339.jpg",0.115098353770839,0.232181452745528,0.652720193483633
"407.jpg",0.0624874306411216,0.88907712367346,0.0484354456854179
"254.jpg",0.0339937292186972,0.36231503700414,0.603691233777163
"466.jpg",0.233406968909029,0.693673291991218,0.0729197390997532
"1.jpg",0.259695396405144,0.371236048414525,0.369068555180331
"443.jpg",0.277939409018,0.384543299675,0.337517291307
"300.jpg",0.801818019165426,0.17513390015894,0.0230480806756336
"348.jpg",0.0339398260370444,0.487297183818905,0.47876299014405
"185.jpg",0.440744433358869,0.413373058237312,0.145882508403819
"95.jpg",0.0582379049896308,0.479093748297631,0.462668346712738
"459.jpg",0.399644686180076,0.552720166153605,0.0476351476663187
"307.jpg",0.0477086132710253,0.0758094237735493,0.876481962955425
"12.jpg",0.0483611408883419,0.0978903351587056,0.853748523952953
"238.jpg",0.047713896722585,0.230195784061389,0.722090319216026
"59.jpg",0.583622446900267,0.325600291407132,0.0907772616926008
"138.jpg",0.101130831274901,0.202984264582337,0.695884904142762
"240.jpg",0.497413374291281,0.100505255200245,0.402081370508475
"64.jpg",0.177171663110035,0.792936149213004,0.0298921876769604
"123.jpg",0.234643811703335,0.718435331021821,0.0469208572748438
"140.jpg",0.282877351598845,0.470339708472468,0.246782939928687
"104.jpg",0.0227746124038332,0.798670108623952,0.178555278972215
"340.jpg",0.0759426791081009,0.637090494675906,0.286966826215993
"402.jpg",0.8526585984,0.107760589457879,0.0395808121421219
"84.jpg",0.712545055850539,0.236786803817524,0.0506681403319376
"474.jpg",0.269567728043,0.488751173019,0.241681098938
"431.jpg",0.812687321640086,0.139679549204364,0.0476331291555505
"196.jpg",0.686087503303991,0.26541260558158,0.0484998911144295
"379.jpg",0.0317841270952596,0.175025068501875,0.793190804402865
"152.jpg",0.0477965395907432,0.900028334689959,0.0521751257192976
"199.jpg",0.0476664601979955,0.881805716254162,0.0705278235478419
"365.jpg",0.0704865615142273,0.604276070062378,0.325237368423395
"181.jpg",0.0802815488000975,0.301343443255009,0.618375007944894
"497.jpg",0.0749128311872599,0.760882735252609,0.164204433560131
"424.jpg",0.484080031040037,0.266739793620646,0.249180175339317
"469.jpg",0.28083812771995,0.48031538009134,0.23884649218871
"501.jpg",0.593674747975665,0.363800298075468,0.0425249539488663
"441.jpg",0.045076069803134,0.83097026098199,0.123953669214876
"171.jpg",0.0378660206873455,0.183291370295286,0.778842609017368
"118.jpg",0.0482455183942851,0.0919154438024535,0.859839037803261
"82.jpg",0.320109204059505,0.619040757594401,0.0608500383460943
"214.jpg",0.875541057972956,0.0760308168408343,0.0484281251862092
"116.jpg",0.0637550829540136,0.250493686668095,0.685751230377892
"326.jpg",0.0481336624271261,0.276495855732454,0.67537048184042
"437.jpg",0.453463657303577,0.257484264894804,0.289052077801619
"279.jpg",0.188193356638727,0.512772456192157,0.299034187169116
"213.jpg",0.0438130987116552,0.280572298324676,0.675614602963669
"378.jpg",0.186707003513846,0.707935208768175,0.105357787717979
"87.jpg",0.0682897608452497,0.262350753686181,0.66935948546857
"450.jpg",0.0225526626336111,0.674288538332844,0.303158799033545
"239.jpg",0.0484400137299125,0.85745573768084,0.0941042485892479
"251.jpg",0.0596819843046582,0.891922230581342,0.0483957851139994
"468.jpg",0.36334676633346,0.221224880850944,0.415428352815596
"265.jpg",0.0478019463869168,0.122587363727483,0.8296106898856
"483.jpg",0.578619962737058,0.373720686609651,0.0476593506532911
"191.jpg",0.0668494770909979,0.411568638596361,0.521581884312641
"8.jpg",0.156088853046129,0.795879617146958,0.0480315298069133
"262.jpg",0.285674875335037,0.679385555524371,0.0349395691405914
"475.jpg",0.764015703053106,0.198023967371046,0.0379603295758476
"292.jpg",0.0862510885111368,0.660247574728056,0.253501336760807
"189.jpg",0.0476964633310409,0.143445444326556,0.808858092342404
"267.jpg",0.139315605277292,0.812207832207584,0.0484765625151241
"204.jpg",0.17063087225,0.259869337082,0.569499790668
"286.jpg",0.0748137360313575,0.783942930813528,0.141243333155114
"235.jpg",0.748296150074428,0.203252380481029,0.0484514694445427
"349.jpg",0.0478960692715669,0.427710874054106,0.524393056674327
"218.jpg",0.0345743884273175,0.868653092722487,0.0967725188501951
"139.jpg",0.269379502595144,0.696542159391041,0.0340783380138156
"245.jpg",0.135949169652215,0.816321631609595,0.0477291987381905
"420.jpg",0.0480980623410059,0.062953050958232,0.888948886700762
"261.jpg",0.48043249605767,0.322761824048729,0.1968056798936
"294.jpg",0.194227096524822,0.627860179128256,0.177912724346923
"259.jpg",0.120263861421932,0.631371209492431,0.248364929085637
"456.jpg",0.721751222378863,0.23025927518746,0.0479895024336771
"72.jpg",0.0263369492161157,0.925775482701248,0.0478875680826368
"20.jpg",0.886984918175805,0.0649762137291167,0.0480388680950785
"253.jpg",0.0850332149487835,0.694031114175497,0.22093567087572
"457.jpg",0.917862432891152,0.0339153271784299,0.0482222399304183
"115.jpg",0.144919787195871,0.7696749797367,0.0854052330674297
"364.jpg",0.0572412258848788,0.433315948893102,0.509442825222019
"463.jpg",0.0479502680410399,0.0355252980122001,0.91652443394676
"269.jpg",0.891361367153674,0.0610170701433811,0.047621562702945
"363.jpg",0.190306735183239,0.44229849513931,0.36739476967745
"418.jpg",0.481538555200699,0.493705620562191,0.0247558242371095
"195.jpg",0.613538911736841,0.322733576257044,0.0637275120061155
"66.jpg",0.0484168425865888,0.145125185824198,0.806457971589213
"440.jpg",0.164123008496552,0.305497247308163,0.530379744195285
"117.jpg",0.775932971226321,0.176437040310626,0.0476299884630526
"97.jpg",0.437435362491665,0.278465015980093,0.284099621528242
"486.jpg",0.047951053292099,0.555451506129274,0.396597440578627
"301.jpg",0.0931263065292871,0.687480524647771,0.219393168822942
"70.jpg",0.304290766949763,0.588963321015857,0.106745912034379
"9.jpg",0.0870209783315478,0.793248832225524,0.119730189442928
"357.jpg",0.200828829444651,0.576271440518062,0.222899730037287
"242.jpg",0.0990661248425447,0.550331302737267,0.350602572420189
"275.jpg",0.0272765260188461,0.459088455699198,0.513635018281956
"488.jpg",0.191449642181191,0.524977982044525,0.283572375774284
"107.jpg",0.029653501317938,0.783246591375064,0.187099907306998
"374.jpg",0.0478501914757523,0.780264262506816,0.171885546017432
"496.jpg",0.377256836540598,0.279105906565978,0.343637256893424
"49.jpg",0.167926525000739,0.187858168014714,0.644215306984547
"83.jpg",0.117423653602883,0.228027582168772,0.654548764228345
"295.jpg",0.128271592732497,0.519335977444855,0.352392429822648
"7.jpg",0.0387445914651666,0.384722325092374,0.57653308344246
"449.jpg",0.486015130866127,0.465711428221653,0.0482734409122194
"384.jpg",0.0478695259410879,0.293336210090254,0.658794263968658
"344.jpg",0.908672090898664,0.0456639545506681,0.0456639545506681
"322.jpg",0.0357876054081643,0.241648653306181,0.722563741285655
"377.jpg",0.174609338480708,0.29112441215309,0.534266249366203
"276.jpg",0.189933294357608,0.187617326151628,0.622449379490764
"249.jpg",0.267255365848733,0.289480388164711,0.443264245986557
"101.jpg",0.255360074501241,0.610036093295296,0.134603832203463
"414.jpg",0.0480865951471463,0.0600761605820787,0.891837244270775
"311.jpg",0.0483066200904495,0.0620816871733839,0.889611692736167
"167.jpg",0.206625178456207,0.173709079623174,0.61966574192062
"193.jpg",0.322390377521678,0.34958505630465,0.328024566173672
"464.jpg",0.0202383623810073,0.932018894239829,0.0477427433791635
"316.jpg",0.79933253574605,0.152387908268455,0.0482795559854942
"455.jpg",0.222984105348777,0.465575695037534,0.311440199613689
"158.jpg",0.0482832431251221,0.0205146407198277,0.93120211615505
"99.jpg",0.114124990149655,0.198007552340646,0.6878674575097
"224.jpg",0.0479578478098502,0.298370438066902,0.653671714123247
"410.jpg",0.0225659802383298,0.830955284767262,0.146478734994409
"150.jpg",0.110577210783989,0.816602408885918,0.0728203803300927
"15.jpg",0.021481533483781,0.272845219825788,0.705673246690431
"429.jpg",0.0872092593547286,0.0810178419643496,0.831772898680922
"470.jpg",0.241258389987224,0.519754544489245,0.238987065523532
"331.jpg",0.667318155358292,0.177457568385705,0.155224276256003
"458.jpg",0.235777947839327,0.617151329177172,0.147070722983501
"130.jpg",0.907821240407143,0.0460893797964286,0.0460893797964286
"413.jpg",0.0477798489200378,0.103230641433925,0.848989509646037
"411.jpg",0.0829743272725305,0.894281541157132,0.0227441315703381
"146.jpg",0.0478730410911974,0.930842874801097,0.0212840841077059
"159.jpg",0.12613204168588,0.832688990357016,0.041178967957104
"157.jpg",0.195938581047238,0.6510781936828,0.152983225269962
"144.jpg",0.0302591592385129,0.921239788902122,0.0485010518593653
"173.jpg",0.0477462205704641,0.0438123634287791,0.908441416000757
"45.jpg",0.0403236925541785,0.557080973739085,0.402595333706736
"26.jpg",0.611022660300238,0.288698439131607,0.100278900568156
"405.jpg",0.0780444970581549,0.896534091953448,0.0254214109883971
"321.jpg",0.188306677167146,0.276643697569544,0.535049625263309
"36.jpg",0.426890014968054,0.524853462933577,0.0482565220983692
"63.jpg",0.0773947714789106,0.800387114301061,0.122218114220028
"215.jpg",0.0466073015947279,0.906785396810544,0.0466073015947279
"105.jpg",0.147295417595996,0.236669707844852,0.616034874559152
"174.jpg",0.07700391686707,0.588673161223448,0.334322921909481
"360.jpg",0.0631068490843179,0.893810917878769,0.043082233036913
"264.jpg",0.803026723591031,0.0999388903433936,0.0970343860655758
"170.jpg",0.0478538417306404,0.928487662709952,0.0236584955594073
"187.jpg",0.112451030128367,0.368192965266557,0.519356004605076
"388.jpg",0.0483552765525593,0.285460663723538,0.666184059723903
"186.jpg",0.101053067978732,0.743182197619625,0.155764734401643
"334.jpg",0.0477191163653104,0.0284664991047543,0.923814384529935
"46.jpg",0.136439127676921,0.355889344872893,0.507671527450187
"131.jpg",0.130311198849199,0.218136204370008,0.651552596780793
"164.jpg",0.0261533568111962,0.884881052556651,0.0889655906321529
"508.jpg",0.204085597578443,0.687437624668212,0.108476777753346
"435.jpg",0.0239640817062838,0.0557917442269905,0.920244174066726
"29.jpg",0.0477566612162791,0.148554821964522,0.803688516819199
"211.jpg",0.671272422047844,0.296694259967722,0.032033317984434
"447.jpg",0.820544064045,0.0962180048227,0.0832379311323
"161.jpg",0.0476151215178534,0.560536616736443,0.391848261745704
"175.jpg",0.0231200659248521,0.377801296034002,0.599078638041145
"310.jpg",0.0664347971599397,0.862750008409877,0.0708151944301831
"438.jpg",0.10058405250305,0.85987865924843,0.0395372882485198
"184.jpg",0.0647246121491973,0.157927192356851,0.777348195493952
"197.jpg",0.193621385477391,0.220511661737623,0.585866952784986
"234.jpg",0.0480903899425247,0.181811193769431,0.770098416288044
"434.jpg",0.0893430777688405,0.863182240253774,0.0474746819773851
"266.jpg",0.0709375967900206,0.308328779849204,0.620733623360776
"329.jpg",0.0406938731928729,0.412891731146497,0.54641439566063
"208.jpg",0.268192857504,0.369206249714,0.362600892782
"299.jpg",0.0784047248899811,0.889992598034489,0.0316026770755295
"33.jpg",0.293038129807,0.504488587379,0.202473282814
"217.jpg",0.252192359515755,0.62768092577222,0.120126714712025
"480.jpg",0.0692870239221147,0.756311291781422,0.174401684296463
"308.jpg",0.881567962609355,0.0705614235369458,0.0478706138536996
"406.jpg",0.902333797246653,0.0498226690505111,0.0478435337028358
"358.jpg",0.0812499088234399,0.756963383509906,0.161786707666654
"188.jpg",0.341468930244341,0.314663290977315,0.343867778778344
"35.jpg",0.0739748086016597,0.491764880103385,0.434260311294955
"80.jpg",0.0706415671615756,0.124368052021892,0.804990380816532
"37.jpg",0.140246406982128,0.81121473867006,0.0485388543478119
"236.jpg",0.131422629866986,0.715768726875009,0.152808643258005
"165.jpg",0.544862512903891,0.407193553793645,0.0479439333024648
"462.jpg",0.639737253187298,0.322861703655449,0.0374010431572527
"422.jpg",0.0480731687073137,0.164978188438138,0.786948642854548
"283.jpg",0.0233635658955421,0.15135547434121,0.825280959763247
"169.jpg",0.562425219218117,0.403156714270596,0.034418066511287
"285.jpg",0.492779111408954,0.481357192412311,0.0258636961787346
"121.jpg",0.0473772678042487,0.904656501874114,0.0479662303216372
"237.jpg",0.146718583108908,0.472293934477428,0.380987482413664
"313.jpg",0.0479380837544408,0.521327106573186,0.430734809672373
"68.jpg",0.0470035810212084,0.856076109562591,0.0969203094162003
"78.jpg",0.0478311644411746,0.228569411069312,0.723599424489514
"421.jpg",0.029637604951903,0.620456218719062,0.349906176329035
"225.jpg",0.0214946452250321,0.653622078641374,0.324883276133594
"226.jpg",0.0479874894675803,0.393418552357772,0.558593958174648
"428.jpg",0.208668414796191,0.756619056341592,0.0347125288622167
"149.jpg",0.122016906738,0.194815576077,0.683167517185
"385.jpg",0.0478596461616641,0.630954715105213,0.321185638733123
"136.jpg",0.0889617273567114,0.862651544681632,0.0483867279616561
"252.jpg",0.0632687681641324,0.839134545592027,0.0975966862438401
"389.jpg",0.0784390974858716,0.8860302701428,0.0355306323713283
"426.jpg",0.611636927550386,0.124584807089437,0.263778265360176
"13.jpg",0.0933808225424697,0.162123854899248,0.744495322558283
"241.jpg",0.149894158545749,0.75949124218511,0.0906145992691403
"477.jpg",0.720529235373839,0.231281768904815,0.0481889957213459
"309.jpg",0.0484847061259467,0.665592782447481,0.285922511426572
"341.jpg",0.0683083901681025,0.403968897432432,0.527722712399466
"34.jpg",0.0491716498971931,0.790893987329923,0.159934362772884
"446.jpg",0.626739313822348,0.32515272882656,0.0481079573510923
"369.jpg",0.0478594970061889,0.115996988955763,0.836143514038048
"30.jpg",0.17987081944551,0.415430737001667,0.404698443552823
"19.jpg",0.0317313598970113,0.108833433008853,0.859435207094136
"132.jpg",0.0579916817548261,0.599167388702553,0.34284092954262
"284.jpg",0.0360266795162552,0.11149069087939,0.852482629604355
"176.jpg",0.0478001711096987,0.320367369316494,0.631832459573807
"325.jpg",0.257948454351052,0.209351253370248,0.5327002922787
"503.jpg",0.0484459934154748,0.612344506230586,0.339209500353939
"250.jpg",0.0413947200203023,0.621365402508316,0.337239877471382
"57.jpg",0.133084902178706,0.529681360884654,0.33723373693664
"77.jpg",0.263675503024943,0.224373661745216,0.511950835229841
"507.jpg",0.051140397787146,0.727349042892655,0.221510559320199
"48.jpg",0.0477656125191285,0.317010711402422,0.635223676078449
"324.jpg",0.068420029070524,0.88327332232572,0.0483066486037565
